UponCompletionOf_50000_sweeps
LocNumber LocName AlleleNumber AlleleName FreqInPop0 FreqInPop1 SDInPop0 SDinPop1
0	1	0	1	0.999713	0.009603	0.000240	0.005858
0	1	1	2	0.000287	0.990397	0.000240	0.005858
1	2	0	1	0.999714	0.001711	0.000240	0.002371
1	2	1	2	0.000286	0.998289	0.000240	0.002371
2	3	0	1	0.999901	0.005729	0.000141	0.004592
2	3	1	2	0.000099	0.994271	0.000141	0.004592
3	4	0	1	0.999901	0.004198	0.000138	0.004021
3	4	1	2	0.000099	0.995802	0.000138	0.004021
4	5	0	1	0.999900	0.001651	0.000141	0.002306
4	5	1	2	0.000100	0.998349	0.000141	0.002306
5	6	0	1	0.999903	0.002006	0.000136	0.002768
5	6	1	2	0.000097	0.997994	0.000136	0.002768
6	7	0	1	0.999790	0.005729	0.000226	0.004544
6	7	1	2	0.000210	0.994271	0.000226	0.004544
7	8	0	1	0.999721	0.017188	0.000231	0.008187
7	8	1	2	0.000279	0.982812	0.000231	0.008187
8	9	0	1	0.999516	0.001357	0.000332	0.001898
8	9	1	2	0.000484	0.998643	0.000332	0.001898
9	10	0	1	0.999903	0.005676	0.000139	0.004641
9	10	1	2	0.000097	0.994324	0.000139	0.004641
10	11	0	1	0.999133	0.003181	0.000419	0.003342
10	11	1	2	0.000867	0.996819	0.000419	0.003342
11	12	0	1	0.999902	0.001690	0.000138	0.002359
11	12	1	2	0.000098	0.998310	0.000138	0.002359
12	13	0	1	0.999697	0.001392	0.000251	0.001959
12	13	1	2	0.000303	0.998608	0.000251	0.001959
13	14	0	1	0.999909	0.147746	0.000129	0.021398
13	14	1	2	0.000091	0.852254	0.000129	0.021398
14	15	0	1	0.999900	0.004049	0.000141	0.003721
14	15	1	2	0.000100	0.995951	0.000141	0.003721
15	16	0	1	0.999634	0.001075	0.000301	0.001514
15	16	1	2	0.000366	0.998925	0.000301	0.001514
16	17	0	1	0.999665	0.031793	0.000274	0.009482
16	17	1	2	0.000335	0.968207	0.000274	0.009482
17	18	0	1	0.999886	0.011388	0.000162	0.006131
17	18	1	2	0.000114	0.988612	0.000162	0.006131
18	19	0	1	0.999887	0.001304	0.000159	0.001836
18	19	1	2	0.000113	0.998696	0.000159	0.001836
19	20	0	1	0.999885	0.001183	0.000162	0.001654
19	20	1	2	0.000115	0.998817	0.000162	0.001654
20	21	0	1	0.999197	0.001252	0.000434	0.001762
20	21	1	2	0.000803	0.998748	0.000434	0.001762
21	22	0	1	0.999341	0.001122	0.000413	0.001571
21	22	1	2	0.000659	0.998878	0.000413	0.001571
22	23	0	1	0.999817	0.001184	0.000229	0.001669
22	23	1	2	0.000183	0.998816	0.000229	0.001669
23	24	0	1	0.999893	0.001534	0.000151	0.002134
23	24	1	2	0.000107	0.998466	0.000151	0.002134
24	25	0	1	0.999715	0.010660	0.000238	0.007935
24	25	1	2	0.000285	0.989340	0.000238	0.007935
25	26	0	1	0.999593	0.002864	0.000303	0.003952
25	26	1	2	0.000407	0.997136	0.000303	0.003952
26	27	0	1	0.999631	0.007503	0.000279	0.005831
26	27	1	2	0.000369	0.992497	0.000279	0.005831
27	28	0	1	0.999905	0.002191	0.000135	0.003019
27	28	1	2	0.000095	0.997809	0.000135	0.003019
28	29	0	1	0.999902	0.002027	0.000137	0.002847
28	29	1	2	0.000098	0.997973	0.000137	0.002847
29	30	0	1	0.999904	0.002025	0.000136	0.002854
29	30	1	2	0.000096	0.997975	0.000136	0.002854
30	31	0	1	0.999715	0.002100	0.000234	0.002900
30	31	1	2	0.000285	0.997900	0.000234	0.002900
31	32	0	1	0.999902	0.023105	0.000139	0.009251
31	32	1	2	0.000098	0.976895	0.000139	0.009251
32	33	0	1	0.999467	0.017556	0.000348	0.008752
32	33	1	2	0.000533	0.982444	0.000348	0.008752
33	34	0	1	0.999906	0.002185	0.000133	0.003011
33	34	1	2	0.000094	0.997815	0.000133	0.003011
34	35	0	1	0.999901	0.001875	0.000139	0.002602
34	35	1	2	0.000099	0.998125	0.000139	0.002602
35	36	0	1	0.999902	0.002034	0.000140	0.002831
35	36	1	2	0.000098	0.997966	0.000140	0.002831
36	37	0	1	0.999904	0.022912	0.000135	0.009238
36	37	1	2	0.000096	0.977088	0.000135	0.009238
37	38	0	1	0.999845	0.001836	0.000194	0.002573
37	38	1	2	0.000155	0.998164	0.000194	0.002573
38	39	0	1	0.999715	0.009953	0.000235	0.006548
38	39	1	2	0.000285	0.990047	0.000235	0.006548
39	40	0	1	0.999901	0.002216	0.000141	0.003089
39	40	1	2	0.000099	0.997784	0.000141	0.003089
40	41	0	1	0.999854	0.004304	0.000186	0.005728
40	41	1	2	0.000146	0.995696	0.000186	0.005728
41	42	0	1	0.999853	0.019947	0.000187	0.009544
41	42	1	2	0.000147	0.980053	0.000187	0.009544
42	43	0	1	0.999797	0.001809	0.000220	0.002519
42	43	1	2	0.000203	0.998191	0.000220	0.002519
43	44	0	1	0.999715	0.033517	0.000234	0.012242
43	44	1	2	0.000285	0.966483	0.000234	0.012242
44	45	0	1	0.999499	0.011131	0.000320	0.006714
44	45	1	2	0.000501	0.988869	0.000320	0.006714
45	46	0	1	0.999899	0.017185	0.000144	0.008562
45	46	1	2	0.000101	0.982815	0.000144	0.008562
46	47	0	1	0.999530	0.005325	0.000308	0.004261
46	47	1	2	0.000470	0.994675	0.000308	0.004261
47	48	0	1	0.999305	0.001758	0.000371	0.002486
47	48	1	2	0.000695	0.998242	0.000371	0.002486
48	49	0	1	0.999907	0.009141	0.000132	0.006066
48	49	1	2	0.000093	0.990859	0.000132	0.006066
49	50	0	1	0.999729	0.034047	0.000226	0.012097
49	50	1	2	0.000271	0.965953	0.000226	0.012097
50	51	0	1	0.999717	0.006554	0.000235	0.005388
50	51	1	2	0.000283	0.993446	0.000235	0.005388
51	52	0	1	0.999712	0.006060	0.000236	0.004682
51	52	1	2	0.000288	0.993940	0.000236	0.004682
52	53	0	1	0.999908	0.006121	0.000130	0.004916
52	53	1	2	0.000092	0.993879	0.000130	0.004916
53	54	0	1	0.999907	0.017780	0.000132	0.008551
53	54	1	2	0.000093	0.982220	0.000132	0.008551
54	55	0	1	0.999905	0.002034	0.000135	0.002838
54	55	1	2	0.000095	0.997966	0.000135	0.002838
55	56	0	1	0.999908	0.020721	0.000129	0.009985
55	56	1	2	0.000092	0.979279	0.000129	0.009985
56	57	0	1	0.999909	0.002462	0.000129	0.003449
56	57	1	2	0.000091	0.997538	0.000129	0.003449
57	58	0	1	0.999908	0.002072	0.000130	0.002886
57	58	1	2	0.000092	0.997928	0.000130	0.002886
58	59	0	1	0.999338	0.007566	0.000357	0.005898
58	59	1	2	0.000662	0.992434	0.000357	0.005898
59	60	0	1	0.999908	0.012012	0.000130	0.007433
59	60	1	2	0.000092	0.987988	0.000130	0.007433
60	61	0	1	0.999907	0.007006	0.000132	0.005562
60	61	1	2	0.000093	0.992994	0.000132	0.005562
61	62	0	1	0.999907	0.002694	0.000131	0.003745
61	62	1	2	0.000093	0.997306	0.000131	0.003745
62	63	0	1	0.999900	0.028818	0.000141	0.011887
62	63	1	2	0.000100	0.971182	0.000141	0.011887
63	64	0	1	0.999816	0.002965	0.000204	0.004070
63	64	1	2	0.000184	0.997035	0.000204	0.004070
64	65	0	1	0.999897	0.010952	0.000147	0.006615
64	65	1	2	0.000103	0.989048	0.000147	0.006615
65	66	0	1	0.999894	0.016383	0.000151	0.008226
65	66	1	2	0.000106	0.983617	0.000151	0.008226
66	67	0	1	0.999908	0.007424	0.000132	0.005864
66	67	1	2	0.000092	0.992576	0.000132	0.005864
67	68	0	1	0.999906	0.002501	0.000133	0.003452
67	68	1	2	0.000094	0.997499	0.000133	0.003452
68	69	0	1	0.999896	0.004812	0.000146	0.005025
68	69	1	2	0.000104	0.995188	0.000146	0.005025
69	70	0	1	0.999907	0.002210	0.000131	0.003037
69	70	1	2	0.000093	0.997790	0.000131	0.003037
70	71	0	1	0.999906	0.002131	0.000132	0.002948
70	71	1	2	0.000094	0.997869	0.000132	0.002948
71	72	0	1	0.999909	0.013166	0.000129	0.007988
71	72	1	2	0.000091	0.986834	0.000129	0.007988
72	73	0	1	0.999607	0.024027	0.000292	0.011644
72	73	1	2	0.000393	0.975973	0.000292	0.011644
73	74	0	1	0.998572	0.001430	0.000605	0.002012
73	74	1	2	0.001428	0.998570	0.000605	0.002012
74	75	0	1	0.999896	0.002911	0.000148	0.003866
74	75	1	2	0.000104	0.997089	0.000148	0.003866
75	76	0	1	0.999512	0.002974	0.000339	0.004005
75	76	1	2	0.000488	0.997026	0.000339	0.004005
76	77	0	1	0.999566	0.002502	0.000340	0.003398
76	77	1	2	0.000434	0.997498	0.000340	0.003398
77	78	0	1	0.999612	0.009567	0.000291	0.007139
77	78	1	2	0.000388	0.990433	0.000291	0.007139
78	79	0	1	0.999907	0.023835	0.000132	0.011051
78	79	1	2	0.000093	0.976165	0.000132	0.011051
79	80	0	1	0.999723	0.002382	0.000230	0.003300
79	80	1	2	0.000277	0.997618	0.000230	0.003300
80	81	0	1	0.999907	0.003126	0.000132	0.004240
80	81	1	2	0.000093	0.996874	0.000132	0.004240
81	82	0	1	0.999906	0.016617	0.000132	0.009436
81	82	1	2	0.000094	0.983383	0.000132	0.009436
82	83	0	1	0.999846	0.002777	0.000192	0.003819
82	83	1	2	0.000154	0.997223	0.000192	0.003819
83	84	0	1	0.999906	0.006873	0.000133	0.005452
83	84	1	2	0.000094	0.993127	0.000133	0.005452
84	85	0	1	0.999534	0.002475	0.000298	0.003431
84	85	1	2	0.000466	0.997525	0.000298	0.003431
85	86	0	1	0.999889	0.006788	0.000157	0.005343
85	86	1	2	0.000111	0.993212	0.000157	0.005343
86	87	0	1	0.999906	0.049495	0.000134	0.014832
86	87	1	2	0.000094	0.950505	0.000134	0.014832
87	88	0	1	0.999905	0.002253	0.000135	0.003107
87	88	1	2	0.000095	0.997747	0.000135	0.003107
88	89	0	1	0.999903	0.002121	0.000136	0.002981
88	89	1	2	0.000097	0.997879	0.000136	0.002981
89	90	0	1	0.999904	0.002671	0.000135	0.003711
89	90	1	2	0.000096	0.997329	0.000135	0.003711
90	91	0	1	0.999706	0.002129	0.000242	0.002855
90	91	1	2	0.000294	0.997871	0.000242	0.002855
91	92	0	1	0.999898	0.012146	0.000144	0.007878
91	92	1	2	0.000102	0.987854	0.000144	0.007878
92	93	0	2	0.000394	0.997525	0.000293	0.003435
92	93	1	1	0.999606	0.002475	0.000293	0.003435
93	94	0	1	0.999530	0.017214	0.000304	0.008708
93	94	1	2	0.000470	0.982786	0.000304	0.008708
94	95	0	1	0.999494	0.014972	0.000324	0.007616
94	95	1	2	0.000506	0.985028	0.000324	0.007616
95	96	0	1	0.999712	0.002166	0.000239	0.003034
95	96	1	2	0.000288	0.997834	0.000239	0.003034
96	97	0	1	0.999719	0.002359	0.000234	0.003288
96	97	1	2	0.000281	0.997641	0.000234	0.003288
97	98	0	1	0.999727	0.026696	0.000229	0.011936
97	98	1	2	0.000273	0.973304	0.000229	0.011936
98	99	0	1	0.999582	0.029955	0.000289	0.013984
98	99	1	2	0.000418	0.970045	0.000289	0.013984
99	100	0	1	0.999907	0.020359	0.000130	0.011393
99	100	1	2	0.000093	0.979641	0.000130	0.011393
100	101	0	1	0.996692	0.033850	0.000891	0.010857
100	101	1	2	0.003308	0.966150	0.000891	0.010857
101	102	0	1	0.999909	0.008704	0.000129	0.007039
101	102	1	2	0.000091	0.991296	0.000129	0.007039
102	103	0	1	0.999909	0.009293	0.000128	0.007427
102	103	1	2	0.000091	0.990707	0.000128	0.007427
103	104	0	1	0.999901	0.007937	0.000139	0.006448
103	104	1	2	0.000099	0.992063	0.000139	0.006448
104	105	0	1	0.999569	0.002636	0.000296	0.003639
104	105	1	2	0.000431	0.997364	0.000296	0.003639
105	106	0	1	0.999905	0.002357	0.000134	0.003252
105	106	1	2	0.000095	0.997643	0.000134	0.003252
106	107	0	1	0.999908	0.022348	0.000130	0.010717
106	107	1	2	0.000092	0.977652	0.000130	0.010717
107	108	0	2	0.000104	0.974652	0.000147	0.011840
107	108	1	1	0.999896	0.025348	0.000147	0.011840
108	109	0	1	0.999910	0.007871	0.000127	0.007867
108	109	1	2	0.000090	0.992129	0.000127	0.007867
109	110	0	1	0.999907	0.010946	0.000131	0.008109
109	110	1	2	0.000093	0.989054	0.000131	0.008109
110	111	0	1	0.999901	0.011254	0.000138	0.006904
110	111	1	2	0.000099	0.988746	0.000138	0.006904
111	112	0	1	0.999910	0.003797	0.000128	0.005170
111	112	1	2	0.000090	0.996203	0.000128	0.005170
112	113	0	1	0.999725	0.010081	0.000224	0.007694
112	113	1	2	0.000275	0.989919	0.000224	0.007694
113	114	0	1	0.999902	0.009412	0.000139	0.005968
113	114	1	2	0.000098	0.990588	0.000139	0.005968
114	115	0	1	0.999488	0.012927	0.000324	0.006627
114	115	1	2	0.000512	0.987073	0.000324	0.006627
115	116	0	1	0.999904	0.001617	0.000135	0.002280
115	116	1	2	0.000096	0.998383	0.000135	0.002280
116	117	0	1	0.999842	0.001607	0.000200	0.002241
116	117	1	2	0.000158	0.998393	0.000200	0.002241
117	118	0	1	0.999901	0.019370	0.000139	0.008335
117	118	1	2	0.000099	0.980630	0.000139	0.008335
118	119	0	1	0.999902	0.001886	0.000138	0.002631
118	119	1	2	0.000098	0.998114	0.000138	0.002631
119	120	0	1	0.999901	0.011478	0.000140	0.006542
119	120	1	2	0.000099	0.988522	0.000140	0.006542
120	121	0	1	0.999900	0.012581	0.000140	0.006493
120	121	1	2	0.000100	0.987419	0.000140	0.006493
121	122	0	1	0.999700	0.004655	0.000244	0.003858
121	122	1	2	0.000300	0.995345	0.000244	0.003858
122	123	0	1	0.999900	0.001737	0.000142	0.002444
122	123	1	2	0.000100	0.998263	0.000142	0.002444
123	124	0	1	0.999709	0.019422	0.000241	0.008282
123	124	1	2	0.000291	0.980578	0.000241	0.008282
124	125	0	1	0.999782	0.001558	0.000230	0.002184
124	125	1	2	0.000218	0.998442	0.000230	0.002184
125	126	0	1	0.999897	0.002006	0.000144	0.002793
125	126	1	2	0.000103	0.997994	0.000144	0.002793
126	127	0	1	0.999901	0.002354	0.000139	0.003270
126	127	1	2	0.000099	0.997646	0.000139	0.003270
127	128	0	1	0.999905	0.003883	0.000135	0.005191
127	128	1	2	0.000095	0.996117	0.000135	0.005191
128	129	0	2	0.000093	0.996707	0.000132	0.004522
128	129	1	1	0.999907	0.003293	0.000132	0.004522
129	130	0	1	0.999808	0.018535	0.000211	0.009150
129	130	1	2	0.000192	0.981465	0.000211	0.009150
130	131	0	1	0.999628	0.002801	0.000278	0.003904
130	131	1	2	0.000372	0.997199	0.000278	0.003904
131	132	0	1	0.999906	0.006175	0.000132	0.004899
131	132	1	2	0.000094	0.993825	0.000132	0.004899
132	133	0	1	0.999900	0.024238	0.000142	0.009824
132	133	1	2	0.000100	0.975762	0.000142	0.009824
133	134	0	1	0.999545	0.004863	0.000293	0.005022
133	134	1	2	0.000455	0.995137	0.000293	0.005022
134	135	0	1	0.999905	0.002363	0.000134	0.003278
134	135	1	2	0.000095	0.997637	0.000134	0.003278
135	136	0	1	0.999911	0.057000	0.000126	0.018503
135	136	1	2	0.000089	0.943000	0.000126	0.018503
136	137	0	2	0.000091	0.982998	0.000130	0.009907
136	137	1	1	0.999909	0.017002	0.000130	0.009907
137	138	0	1	0.999911	0.004511	0.000124	0.005904
137	138	1	2	0.000089	0.995489	0.000124	0.005904
138	139	0	1	0.999913	0.004099	0.000124	0.005515
138	139	1	2	0.000087	0.995901	0.000124	0.005515
139	140	0	1	0.999911	0.003479	0.000125	0.004732
139	140	1	2	0.000089	0.996521	0.000125	0.004732
140	141	0	1	0.999739	0.049164	0.000219	0.015073
140	141	1	2	0.000261	0.950836	0.000219	0.015073
141	142	0	1	0.999911	0.003356	0.000126	0.004551
141	142	1	2	0.000089	0.996644	0.000126	0.004551
142	143	0	1	0.999743	0.003518	0.000215	0.004794
142	143	1	2	0.000257	0.996482	0.000215	0.004794
143	144	0	1	0.999910	0.003254	0.000128	0.004482
143	144	1	2	0.000090	0.996746	0.000128	0.004482
144	145	0	1	0.999911	0.003039	0.000126	0.004190
144	145	1	2	0.000089	0.996961	0.000126	0.004190
145	146	0	1	0.999911	0.013831	0.000125	0.010189
145	146	1	2	0.000089	0.986169	0.000125	0.010189
146	147	0	1	0.999737	0.019298	0.000216	0.011457
146	147	1	2	0.000263	0.980702	0.000216	0.011457
147	148	0	1	0.999904	0.003857	0.000135	0.005248
147	148	1	2	0.000096	0.996143	0.000135	0.005248
148	149	0	1	0.999357	0.018327	0.000357	0.010521
148	149	1	2	0.000643	0.981673	0.000357	0.010521
149	150	0	1	0.999912	0.016571	0.000125	0.011760
149	150	1	2	0.000088	0.983429	0.000125	0.011760
150	151	0	1	0.999910	0.015724	0.000127	0.011254
150	151	1	2	0.000090	0.984276	0.000127	0.011254
151	152	0	1	0.999825	0.005263	0.000196	0.006986
151	152	1	2	0.000175	0.994737	0.000196	0.006986
152	153	0	1	0.999904	0.007726	0.000137	0.006049
152	153	1	2	0.000096	0.992274	0.000137	0.006049
153	154	0	1	0.999726	0.049773	0.000225	0.017397
153	154	1	2	0.000274	0.950227	0.000225	0.017397
154	155	0	1	0.999900	0.008331	0.000141	0.006757
154	155	1	2	0.000100	0.991669	0.000141	0.006757
155	156	0	1	0.999905	0.024292	0.000134	0.013331
155	156	1	2	0.000095	0.975708	0.000134	0.013331
156	157	0	1	0.999883	0.007375	0.000161	0.008734
156	157	1	2	0.000117	0.992625	0.000161	0.008734
157	158	0	1	0.999902	0.004724	0.000138	0.006219
157	158	1	2	0.000098	0.995276	0.000138	0.006219
158	159	0	1	0.999701	0.003238	0.000245	0.004441
158	159	1	2	0.000299	0.996762	0.000245	0.004441
159	160	0	1	0.999536	0.005540	0.000312	0.005613
159	160	1	2	0.000464	0.994460	0.000312	0.005613
160	161	0	1	0.999898	0.006238	0.000144	0.006293
160	161	1	2	0.000102	0.993762	0.000144	0.006293
161	162	0	1	0.999899	0.002194	0.000143	0.003024
161	162	1	2	0.000101	0.997806	0.000143	0.003024
162	163	0	1	0.999906	0.003038	0.000133	0.004040
162	163	1	2	0.000094	0.996962	0.000133	0.004040
163	164	0	1	0.999908	0.002528	0.000130	0.003543
163	164	1	2	0.000092	0.997472	0.000130	0.003543
164	165	0	1	0.999902	0.003622	0.000138	0.004882
164	165	1	2	0.000098	0.996378	0.000138	0.004882
165	166	0	1	0.999736	0.096017	0.000219	0.020561
165	166	1	2	0.000264	0.903983	0.000219	0.020561
166	167	0	1	0.998853	0.069247	0.000483	0.015575
166	167	1	2	0.001147	0.930753	0.000483	0.015575
167	168	0	1	0.999910	0.032680	0.000127	0.012351
167	168	1	2	0.000090	0.967320	0.000127	0.012351
168	169	0	1	0.999892	0.076744	0.000151	0.019437
168	169	1	2	0.000108	0.923256	0.000151	0.019437
169	170	0	1	0.999905	0.002013	0.000135	0.002812
169	170	1	2	0.000095	0.997987	0.000135	0.002812
170	171	0	1	0.999714	0.002346	0.000235	0.003295
170	171	1	2	0.000286	0.997654	0.000235	0.003295
171	172	0	1	0.999902	0.005867	0.000138	0.004679
171	172	1	2	0.000098	0.994133	0.000138	0.004679
172	173	0	1	0.999703	0.002121	0.000249	0.002936
172	173	1	2	0.000297	0.997879	0.000249	0.002936
173	174	0	1	0.999787	0.001674	0.000231	0.002351
173	174	1	2	0.000213	0.998326	0.000231	0.002351
174	175	0	1	0.999508	0.001686	0.000337	0.002358
174	175	1	2	0.000492	0.998314	0.000337	0.002358
175	176	0	1	0.999904	0.002208	0.000136	0.003072
175	176	1	2	0.000096	0.997792	0.000136	0.003072
176	177	0	1	0.999903	0.007716	0.000136	0.005292
176	177	1	2	0.000097	0.992284	0.000136	0.005292
177	178	0	1	0.999902	0.005490	0.000139	0.004380
177	178	1	2	0.000098	0.994510	0.000139	0.004380
178	179	0	1	0.999904	0.004220	0.000136	0.004400
178	179	1	2	0.000096	0.995780	0.000136	0.004400
179	180	0	1	0.999714	0.001826	0.000237	0.002557
179	180	1	2	0.000286	0.998174	0.000237	0.002557
180	181	0	1	0.999556	0.002437	0.000301	0.003369
180	181	1	2	0.000444	0.997563	0.000301	0.003369
181	182	0	1	0.999904	0.007545	0.000135	0.005998
181	182	1	2	0.000096	0.992455	0.000135	0.005998
182	183	0	1	0.999880	0.002146	0.000168	0.002979
182	183	1	2	0.000120	0.997854	0.000168	0.002979
183	184	0	1	0.999892	0.007720	0.000153	0.006071
183	184	1	2	0.000108	0.992280	0.000153	0.006071
184	185	0	1	0.999894	0.013029	0.000149	0.007719
184	185	1	2	0.000106	0.986971	0.000149	0.007719
185	186	0	1	0.999712	0.002418	0.000266	0.003366
185	186	1	2	0.000288	0.997582	0.000266	0.003366
186	187	0	1	0.999900	0.002409	0.000142	0.003270
186	187	1	2	0.000100	0.997591	0.000142	0.003270
187	188	0	1	0.999908	0.003715	0.000130	0.005006
187	188	1	2	0.000092	0.996285	0.000130	0.005006
188	189	0	1	0.999414	0.002695	0.000344	0.003704
188	189	1	2	0.000586	0.997305	0.000344	0.003704
189	190	0	1	0.999906	0.009133	0.000133	0.007971
189	190	1	2	0.000094	0.990867	0.000133	0.007971
190	191	0	1	0.999501	0.066899	0.000316	0.015833
190	191	1	2	0.000499	0.933101	0.000316	0.015833
191	192	0	1	0.999908	0.121986	0.000130	0.020310
191	192	1	2	0.000092	0.878014	0.000130	0.020310
192	193	0	1	0.999904	0.007571	0.000135	0.007054
192	193	1	2	0.000096	0.992429	0.000135	0.007054
193	194	0	1	0.999901	0.020501	0.000139	0.009304
193	194	1	2	0.000099	0.979499	0.000139	0.009304
194	195	0	2	0.000098	0.997520	0.000139	0.003387
194	195	1	1	0.999902	0.002480	0.000139	0.003387
195	196	0	1	0.999887	0.006830	0.000158	0.005418
195	196	1	2	0.000113	0.993170	0.000158	0.005418
196	197	0	1	0.999786	0.003298	0.000222	0.004518
196	197	1	2	0.000214	0.996702	0.000222	0.004518
197	198	0	1	0.999901	0.003413	0.000138	0.004690
197	198	1	2	0.000099	0.996587	0.000138	0.004690
198	199	0	1	0.999889	0.014824	0.000154	0.010748
198	199	1	2	0.000111	0.985176	0.000154	0.010748
199	200	0	1	0.999802	0.003345	0.000218	0.004556
199	200	1	2	0.000198	0.996655	0.000218	0.004556
