12 polymorphic loci from 12 loci in data set

Locus Locus_1
	280
	290
	282
	288
	286
	279
	278
	292
	281
	272
	284
	270
	291
	285
	289
	294
	275
	274

Locus Locus_2
	248
	270
	278
	276
	254
	288
	252
	260
	268
	274
	262
	284
	256
	272
	280
	290
	258
	234
	294
	286
	282
	266
	264
	250
	244
	230
	246
	249
	231
	257
	291
	275
	283
	255
	281
	263
	236
	240
	292

Locus Locus_3
	128
	130
	148
	124
	154
	150
	126
	134
	104
	106
	120
	122
	115
	136
	144
	132
	108
	152
	125
	138
	109
	103
	105
	146
	142
	156
	158
	129
	131
	139
	140
	111
	118
	119
	123
	121
	172
	160
	174
	127
	164
	168
	133
	110
	100

Locus Locus_4
	167
	171
	159
	163
	175
	165
	161
	177
	141
	173
	179
	155
	169
	157
	153
	183
	181
	185
	201
	151
	147
	154
	191
	187
	193
	182

Locus Locus_5
	207
	217
	209
	203
	205
	211
	199
	185
	219
	195
	201
	213
	197
	215
	194
	202
	208
	212
	204
	200
	191
	189
	221
	196
	193
	187
	223

Locus Locus_6
	160
	166
	168
	157
	162
	164
	153
	170
	161
	163
	167
	154
	159
	155
	181
	169
	172
	179
	195
	165
	185
	156
	175
	152
	171
	187
	189
	149
	178
	158
	176
	177
	173

Locus Locus_7
	217
	225
	231
	235
	215
	219
	261
	227
	265
	213
	223
	229
	221
	233
	249
	237
	203
	205
	243
	245
	207
	211
	259
	271
	246
	251
	253
	209
	239
	248
	255
	241
	263
	216
	222
	224
	242
	269
	257
	252
	247
	214
	234
	199
	244
	226
	230
	208
	212
	201
	267
	220
	232
	195
	206
	193
	200
	228
	254
	273
	191
	197
	204
	198
	238
	260
	218
	202
	189
	190
	192

Locus Locus_8
	171
	183
	163
	189
	193
	181
	187
	185
	177
	173
	175
	179
	191
	169
	199
	195
	165
	161
	159
	167
	197

Locus Locus_9
	335
	327
	337
	333
	339
	331
	341
	343
	329
	334
	336
	326
	338
	340
	323
	345
	347
	325

Locus Locus_10
	169
	177
	191
	187
	183
	185
	189
	181
	179
	193
	195
	173
	197
	199
	165
	167
	170
	196
	175
	172

Locus Locus_11
	320
	344
	330
	318
	328
	332
	342
	356
	340
	334
	336
	326
	338
	316
	313
	325
	352
	346
	322
	362
	350
	354
	358
	348
	360
	339
	317
	312

Locus Locus_12
	221
	239
	227
	237
	235
	229
	223
	233
	241
	215
	247
	213
	243
	249
	231
	219
	245
	225
	217
	251
	226