49801_sweeps	1.000/0.000/0.000/0.000	0.000/0.000/0.000/1.000	0.000/0.500/0.500/0.000	0.250/0.250/0.250/0.250	0.500/0.250/0.250/0.000	0.000/0.250/0.250/0.500
1	0.95062	0.00000	0.00000	0.00119	0.04819	0.00000
2	0.29605	0.00000	0.00000	0.36113	0.34282	0.00000
3	0.21835	0.00000	0.00000	0.44384	0.33781	0.00000
4	0.94869	0.00000	0.00000	0.00029	0.05102	0.00000
5	0.99291	0.00000	0.00000	0.00002	0.00707	0.00000
6	0.57665	0.00000	0.00000	0.02373	0.39961	0.00000
7	0.69804	0.00000	0.00000	0.02783	0.27413	0.00000
8	0.97951	0.00000	0.00000	0.00009	0.02040	0.00000
9	0.95062	0.00000	0.00000	0.00069	0.04869	0.00000
10	0.99792	0.00000	0.00000	0.00000	0.00207	0.00000
11	0.98422	0.00000	0.00000	0.00008	0.01570	0.00000
12	0.98806	0.00000	0.00000	0.00004	0.01190	0.00000
13	0.99824	0.00000	0.00000	0.00000	0.00176	0.00000
14	0.99858	0.00000	0.00000	0.00000	0.00142	0.00000
15	0.98631	0.00000	0.00000	0.00005	0.01364	0.00000
16	0.99764	0.00000	0.00000	0.00001	0.00235	0.00000
17	0.04701	0.00000	0.00000	0.01798	0.93500	0.00000
18	0.99709	0.00000	0.00000	0.00001	0.00290	0.00000
19	0.96530	0.00000	0.00000	0.00022	0.03447	0.00000
20	0.99860	0.00000	0.00000	0.00000	0.00140	0.00000
21	0.99464	0.00000	0.00000	0.00002	0.00534	0.00000
22	0.90085	0.00000	0.00000	0.00045	0.09870	0.00000
23	0.99829	0.00000	0.00000	0.00000	0.00171	0.00000
24	0.99888	0.00000	0.00000	0.00000	0.00112	0.00000
25	0.94976	0.00000	0.00000	0.00079	0.04945	0.00000
26	0.99714	0.00000	0.00000	0.00001	0.00286	0.00000
27	0.98340	0.00000	0.00000	0.00020	0.01640	0.00000
28	0.99345	0.00000	0.00000	0.00001	0.00653	0.00000
29	0.99785	0.00000	0.00000	0.00000	0.00214	0.00000
30	0.99724	0.00000	0.00000	0.00001	0.00275	0.00000
31	0.98333	0.00000	0.00000	0.00008	0.01658	0.00000
32	0.99309	0.00000	0.00000	0.00001	0.00689	0.00000
33	0.99910	0.00000	0.00000	0.00000	0.00090	0.00000
34	0.00000	0.00000	0.99371	0.00199	0.00093	0.00336
35	0.99870	0.00000	0.00000	0.00000	0.00130	0.00000
36	0.99575	0.00000	0.00000	0.00002	0.00424	0.00000
37	0.99528	0.00000	0.00000	0.00002	0.00470	0.00000
38	0.98970	0.00000	0.00000	0.00003	0.01027	0.00000
39	0.99788	0.00000	0.00000	0.00000	0.00212	0.00000
40	0.99802	0.00000	0.00000	0.00000	0.00198	0.00000
41	0.97906	0.00000	0.00000	0.00015	0.02079	0.00000
42	0.99010	0.00000	0.00000	0.00004	0.00986	0.00000
43	0.99352	0.00000	0.00000	0.00001	0.00647	0.00000
44	0.98988	0.00000	0.00000	0.00005	0.01007	0.00000
45	0.99760	0.00000	0.00000	0.00000	0.00239	0.00000
46	0.98223	0.00000	0.00000	0.00008	0.01769	0.00000
47	0.98762	0.00000	0.00000	0.00004	0.01234	0.00000
48	0.99454	0.00000	0.00000	0.00001	0.00545	0.00000
49	0.99180	0.00000	0.00000	0.00005	0.00816	0.00000
50	0.99715	0.00000	0.00000	0.00001	0.00284	0.00000
51	0.99850	0.00000	0.00000	0.00000	0.00150	0.00000
52	0.99432	0.00000	0.00000	0.00002	0.00566	0.00000
53	0.97977	0.00000	0.00000	0.00010	0.02013	0.00000
54	0.99632	0.00000	0.00000	0.00001	0.00367	0.00000
55	0.96156	0.00000	0.00000	0.00018	0.03826	0.00000
56	0.99713	0.00000	0.00000	0.00001	0.00286	0.00000
57	0.99126	0.00000	0.00000	0.00004	0.00870	0.00000
58	0.99745	0.00000	0.00000	0.00000	0.00255	0.00000
59	0.99458	0.00000	0.00000	0.00002	0.00540	0.00000
60	0.98471	0.00000	0.00000	0.00009	0.01520	0.00000
61	0.98834	0.00000	0.00000	0.00008	0.01158	0.00000
62	0.98054	0.00000	0.00000	0.00019	0.01928	0.00000
63	0.93822	0.00000	0.00000	0.00188	0.05991	0.00000
64	0.99699	0.00000	0.00000	0.00001	0.00301	0.00000
65	0.99526	0.00000	0.00000	0.00002	0.00473	0.00000
66	0.99371	0.00000	0.00000	0.00002	0.00627	0.00000
67	0.99662	0.00000	0.00000	0.00001	0.00337	0.00000
68	0.95221	0.00000	0.00000	0.00030	0.04749	0.00000
69	0.99668	0.00000	0.00000	0.00001	0.00331	0.00000
70	0.96186	0.00000	0.00000	0.00037	0.03777	0.00000
71	0.98541	0.00000	0.00000	0.00006	0.01453	0.00000
72	0.99710	0.00000	0.00000	0.00001	0.00289	0.00000
73	0.99826	0.00000	0.00000	0.00000	0.00173	0.00000
74	0.99594	0.00000	0.00000	0.00001	0.00406	0.00000
75	0.93813	0.00000	0.00000	0.00064	0.06123	0.00000
76	0.98754	0.00000	0.00000	0.00009	0.01237	0.00000
77	0.99713	0.00000	0.00000	0.00001	0.00286	0.00000
78	0.98444	0.00000	0.00000	0.00023	0.01533	0.00000
79	0.99780	0.00000	0.00000	0.00000	0.00220	0.00000
80	0.98910	0.00000	0.00000	0.00008	0.01082	0.00000
81	0.99804	0.00000	0.00000	0.00000	0.00195	0.00000
82	0.98392	0.00000	0.00000	0.00008	0.01600	0.00000
83	0.96847	0.00000	0.00000	0.00025	0.03129	0.00000
84	0.99696	0.00000	0.00000	0.00001	0.00303	0.00000
85	0.99631	0.00000	0.00000	0.00001	0.00368	0.00000
86	0.99449	0.00000	0.00000	0.00002	0.00549	0.00000
87	0.99492	0.00000	0.00000	0.00002	0.00506	0.00000
88	0.98769	0.00000	0.00000	0.00005	0.01226	0.00000
89	0.99331	0.00000	0.00000	0.00003	0.00666	0.00000
90	0.99806	0.00000	0.00000	0.00000	0.00194	0.00000
91	0.99840	0.00000	0.00000	0.00000	0.00160	0.00000
92	0.99794	0.00000	0.00000	0.00000	0.00206	0.00000
93	0.99708	0.00000	0.00000	0.00001	0.00292	0.00000
94	0.99128	0.00000	0.00000	0.00002	0.00870	0.00000
95	0.99738	0.00000	0.00000	0.00001	0.00261	0.00000
96	0.99773	0.00000	0.00000	0.00000	0.00226	0.00000
97	0.99691	0.00000	0.00000	0.00001	0.00308	0.00000
98	0.99567	0.00000	0.00000	0.00001	0.00432	0.00000
99	0.90968	0.00000	0.00000	0.00128	0.08904	0.00000
100	0.99543	0.00000	0.00000	0.00001	0.00455	0.00000
101	0.99650	0.00000	0.00000	0.00001	0.00349	0.00000
102	0.99495	0.00000	0.00000	0.00002	0.00502	0.00000
103	0.99792	0.00000	0.00000	0.00000	0.00208	0.00000
104	0.99792	0.00000	0.00000	0.00000	0.00208	0.00000
105	0.95420	0.00000	0.00000	0.00048	0.04532	0.00000
106	0.98866	0.00000	0.00000	0.00011	0.01123	0.00000
107	0.89975	0.00000	0.00000	0.00050	0.09975	0.00000
108	0.99883	0.00000	0.00000	0.00000	0.00117	0.00000
109	0.99870	0.00000	0.00000	0.00000	0.00130	0.00000
110	0.86613	0.00000	0.00000	0.00092	0.13295	0.00000
111	0.99286	0.00000	0.00000	0.00002	0.00712	0.00000
112	0.99705	0.00000	0.00000	0.00001	0.00295	0.00000
113	0.99193	0.00000	0.00000	0.00003	0.00804	0.00000
114	0.99600	0.00000	0.00000	0.00001	0.00399	0.00000
115	0.99645	0.00000	0.00000	0.00001	0.00354	0.00000
116	0.99500	0.00000	0.00000	0.00002	0.00498	0.00000
117	0.99846	0.00000	0.00000	0.00000	0.00154	0.00000
118	0.99904	0.00000	0.00000	0.00000	0.00096	0.00000
119	0.99723	0.00000	0.00000	0.00001	0.00277	0.00000
120	0.97898	0.00000	0.00000	0.00006	0.02096	0.00000
121	0.99745	0.00000	0.00000	0.00001	0.00254	0.00000
122	0.99067	0.00000	0.00000	0.00003	0.00930	0.00000
123	0.99785	0.00000	0.00000	0.00000	0.00214	0.00000
124	0.99668	0.00000	0.00000	0.00001	0.00331	0.00000
125	0.99827	0.00000	0.00000	0.00000	0.00173	0.00000
126	0.92391	0.00000	0.00000	0.00109	0.07500	0.00000
127	0.99028	0.00000	0.00000	0.00003	0.00969	0.00000
128	0.99512	0.00000	0.00000	0.00002	0.00486	0.00000
129	0.99536	0.00000	0.00000	0.00002	0.00463	0.00000
130	0.99772	0.00000	0.00000	0.00001	0.00227	0.00000
131	0.97842	0.00000	0.00000	0.00011	0.02147	0.00000
132	0.98331	0.00000	0.00000	0.00024	0.01645	0.00000
133	0.99723	0.00000	0.00000	0.00001	0.00276	0.00000
134	0.99477	0.00000	0.00000	0.00002	0.00521	0.00000
135	0.98638	0.00000	0.00000	0.00017	0.01345	0.00000
136	0.99598	0.00000	0.00000	0.00001	0.00401	0.00000
137	0.99556	0.00000	0.00000	0.00002	0.00442	0.00000
138	0.93020	0.00000	0.00000	0.00259	0.06721	0.00000
139	0.99629	0.00000	0.00000	0.00001	0.00369	0.00000
140	0.98641	0.00000	0.00000	0.00008	0.01351	0.00000
141	0.99006	0.00000	0.00000	0.00010	0.00984	0.00000
142	0.98981	0.00000	0.00000	0.00010	0.01009	0.00000
143	0.98424	0.00000	0.00000	0.00022	0.01554	0.00000
144	0.99449	0.00000	0.00000	0.00003	0.00548	0.00000
145	0.99314	0.00000	0.00000	0.00004	0.00682	0.00000
146	0.98965	0.00000	0.00000	0.00010	0.01025	0.00000
147	0.99582	0.00000	0.00000	0.00001	0.00417	0.00000
148	0.97584	0.00000	0.00000	0.00030	0.02386	0.00000
149	0.94448	0.00000	0.00000	0.00093	0.05459	0.00000
150	0.99512	0.00000	0.00000	0.00002	0.00486	0.00000
151	0.98955	0.00000	0.00000	0.00003	0.01042	0.00000
152	0.99669	0.00000	0.00000	0.00001	0.00330	0.00000
153	0.99833	0.00000	0.00000	0.00000	0.00167	0.00000
154	0.99885	0.00000	0.00000	0.00000	0.00115	0.00000
155	0.99733	0.00000	0.00000	0.00001	0.00267	0.00000
156	0.99749	0.00000	0.00000	0.00001	0.00251	0.00000
157	0.99717	0.00000	0.00000	0.00001	0.00282	0.00000
158	0.99718	0.00000	0.00000	0.00001	0.00282	0.00000
159	0.80683	0.00000	0.00000	0.00088	0.19229	0.00000
160	0.99595	0.00000	0.00000	0.00001	0.00403	0.00000
161	0.99371	0.00000	0.00000	0.00001	0.00627	0.00000
162	0.99149	0.00000	0.00000	0.00009	0.00841	0.00000
163	0.98809	0.00000	0.00000	0.00004	0.01187	0.00000
164	0.99776	0.00000	0.00000	0.00000	0.00224	0.00000
165	0.98316	0.00000	0.00000	0.00016	0.01668	0.00000
166	0.99281	0.00000	0.00000	0.00003	0.00716	0.00000
167	0.99429	0.00000	0.00000	0.00002	0.00569	0.00000
168	0.99861	0.00000	0.00000	0.00000	0.00139	0.00000
169	0.99800	0.00000	0.00000	0.00000	0.00200	0.00000
170	0.98567	0.00000	0.00000	0.00006	0.01427	0.00000
171	0.99030	0.00000	0.00000	0.00005	0.00965	0.00000
172	0.99820	0.00000	0.00000	0.00000	0.00180	0.00000
173	0.98985	0.00000	0.00000	0.00003	0.01012	0.00000
174	0.99628	0.00000	0.00000	0.00001	0.00371	0.00000
175	0.98974	0.00000	0.00000	0.00009	0.01016	0.00000
176	0.99527	0.00000	0.00000	0.00001	0.00471	0.00000
177	0.99138	0.00000	0.00000	0.00002	0.00859	0.00000
178	0.99548	0.00000	0.00000	0.00001	0.00451	0.00000
179	0.98260	0.00000	0.00000	0.00008	0.01732	0.00000
180	0.99684	0.00000	0.00000	0.00001	0.00315	0.00000
181	0.99713	0.00000	0.00000	0.00001	0.00286	0.00000
182	0.95468	0.00000	0.00000	0.00024	0.04507	0.00000
183	0.99104	0.00000	0.00000	0.00006	0.00890	0.00000
184	0.99882	0.00000	0.00000	0.00000	0.00118	0.00000
185	0.99191	0.00000	0.00000	0.00003	0.00806	0.00000
186	0.99453	0.00000	0.00000	0.00002	0.00545	0.00000
187	0.98707	0.00000	0.00000	0.00008	0.01285	0.00000
188	0.99423	0.00000	0.00000	0.00001	0.00576	0.00000
189	0.99822	0.00000	0.00000	0.00000	0.00178	0.00000
190	0.99899	0.00000	0.00000	0.00000	0.00101	0.00000
191	0.99658	0.00000	0.00000	0.00001	0.00341	0.00000
192	0.97710	0.00000	0.00000	0.00008	0.02281	0.00000
193	0.99890	0.00000	0.00000	0.00000	0.00109	0.00000
194	0.99567	0.00000	0.00000	0.00001	0.00431	0.00000
195	0.99719	0.00000	0.00000	0.00001	0.00281	0.00000
196	0.98346	0.00000	0.00000	0.00012	0.01642	0.00000
197	0.99847	0.00000	0.00000	0.00000	0.00153	0.00000
198	0.99819	0.00000	0.00000	0.00000	0.00181	0.00000
199	0.99847	0.00000	0.00000	0.00000	0.00153	0.00000
200	0.98490	0.00000	0.00000	0.00004	0.01506	0.00000
201	0.98429	0.00000	0.00000	0.00013	0.01558	0.00000
202	0.99699	0.00000	0.00000	0.00001	0.00300	0.00000
203	0.99617	0.00000	0.00000	0.00001	0.00382	0.00000
204	0.19307	0.00000	0.00000	0.01328	0.79365	0.00000
205	0.99765	0.00000	0.00000	0.00000	0.00235	0.00000
206	0.99735	0.00000	0.00000	0.00001	0.00264	0.00000
207	0.99766	0.00000	0.00000	0.00000	0.00233	0.00000
208	0.99848	0.00000	0.00000	0.00000	0.00152	0.00000
209	0.99124	0.00000	0.00000	0.00005	0.00871	0.00000
210	0.99815	0.00000	0.00000	0.00000	0.00185	0.00000
211	0.99900	0.00000	0.00000	0.00000	0.00100	0.00000
212	0.99504	0.00000	0.00000	0.00001	0.00495	0.00000
213	0.95195	0.00000	0.00000	0.00016	0.04789	0.00000
214	0.99416	0.00000	0.00000	0.00002	0.00582	0.00000
215	0.99621	0.00000	0.00000	0.00001	0.00378	0.00000
216	0.99732	0.00000	0.00000	0.00001	0.00267	0.00000
217	0.82435	0.00000	0.00000	0.00199	0.17366	0.00000
218	0.90846	0.00000	0.00000	0.00188	0.08967	0.00000
219	0.98560	0.00000	0.00000	0.00005	0.01435	0.00000
220	0.99864	0.00000	0.00000	0.00000	0.00136	0.00000
221	0.62255	0.00000	0.00000	0.01667	0.36078	0.00000
222	0.98128	0.00000	0.00000	0.00010	0.01862	0.00000
223	0.23818	0.00000	0.00000	0.03571	0.72610	0.00000
224	0.98243	0.00000	0.00000	0.00012	0.01744	0.00000
225	0.99150	0.00000	0.00000	0.00004	0.00846	0.00000
226	0.98829	0.00000	0.00000	0.00041	0.01130	0.00000
227	0.99408	0.00000	0.00000	0.00003	0.00589	0.00000
228	0.93648	0.00000	0.00000	0.00051	0.06301	0.00000
229	0.85565	0.00000	0.00000	0.00163	0.14273	0.00000
230	0.93949	0.00000	0.00000	0.00061	0.05991	0.00000
231	0.99366	0.00000	0.00000	0.00004	0.00631	0.00000
232	0.93803	0.00000	0.00000	0.00119	0.06078	0.00000
233	0.96322	0.00000	0.00000	0.00063	0.03615	0.00000
234	0.99457	0.00000	0.00000	0.00002	0.00541	0.00000
235	0.97140	0.00000	0.00000	0.00018	0.02842	0.00000
236	0.99483	0.00000	0.00000	0.00002	0.00516	0.00000
237	0.99060	0.00000	0.00000	0.00003	0.00936	0.00000
238	0.99764	0.00000	0.00000	0.00000	0.00236	0.00000
239	0.99587	0.00000	0.00000	0.00001	0.00412	0.00000
240	0.99792	0.00000	0.00000	0.00000	0.00207	0.00000
241	0.96025	0.00000	0.00000	0.00071	0.03904	0.00000
242	0.99707	0.00000	0.00000	0.00001	0.00292	0.00000
243	0.99349	0.00000	0.00000	0.00001	0.00650	0.00000
244	0.99426	0.00000	0.00000	0.00003	0.00571	0.00000
245	0.99647	0.00000	0.00000	0.00001	0.00352	0.00000
246	0.99612	0.00000	0.00000	0.00001	0.00387	0.00000
247	0.99764	0.00000	0.00000	0.00000	0.00236	0.00000
248	0.99365	0.00000	0.00000	0.00002	0.00633	0.00000
249	0.99833	0.00000	0.00000	0.00000	0.00167	0.00000
250	0.99826	0.00000	0.00000	0.00000	0.00174	0.00000
251	0.99012	0.00000	0.00000	0.00002	0.00986	0.00000
252	0.99370	0.00000	0.00000	0.00002	0.00628	0.00000
253	0.96608	0.00000	0.00000	0.00096	0.03296	0.00000
254	0.99661	0.00000	0.00000	0.00001	0.00338	0.00000
255	0.99766	0.00000	0.00000	0.00000	0.00233	0.00000
256	0.94470	0.00000	0.00000	0.00026	0.05503	0.00000
257	0.98972	0.00000	0.00000	0.00006	0.01022	0.00000
258	0.99718	0.00000	0.00000	0.00001	0.00281	0.00000
259	0.99751	0.00000	0.00000	0.00000	0.00249	0.00000
260	0.04241	0.00000	0.00000	0.85888	0.09871	0.00000
261	0.99671	0.00000	0.00000	0.00001	0.00329	0.00000
262	0.99618	0.00000	0.00000	0.00001	0.00381	0.00000
263	0.99695	0.00000	0.00000	0.00001	0.00304	0.00000
264	0.99358	0.00000	0.00000	0.00001	0.00641	0.00000
265	0.99907	0.00000	0.00000	0.00000	0.00093	0.00000
266	0.99645	0.00000	0.00000	0.00001	0.00355	0.00000
267	0.99852	0.00000	0.00000	0.00000	0.00148	0.00000
268	0.99714	0.00000	0.00000	0.00001	0.00286	0.00000
269	0.94083	0.00000	0.00000	0.00280	0.05637	0.00000
270	0.99876	0.00000	0.00000	0.00000	0.00124	0.00000
271	0.99124	0.00000	0.00000	0.00004	0.00872	0.00000
272	0.96858	0.00000	0.00000	0.00021	0.03121	0.00000
273	0.99014	0.00000	0.00000	0.00002	0.00984	0.00000
274	0.98590	0.00000	0.00000	0.00010	0.01400	0.00000
275	0.90476	0.00000	0.00000	0.00076	0.09447	0.00000
276	0.98598	0.00000	0.00000	0.00008	0.01393	0.00000
277	0.99368	0.00000	0.00000	0.00003	0.00629	0.00000
278	0.99545	0.00000	0.00000	0.00002	0.00454	0.00000
279	0.98905	0.00000	0.00000	0.00006	0.01089	0.00000
280	0.99305	0.00000	0.00000	0.00002	0.00693	0.00000
281	0.95153	0.00000	0.00000	0.00060	0.04787	0.00000
282	0.99450	0.00000	0.00000	0.00002	0.00548	0.00000
283	0.99484	0.00000	0.00000	0.00002	0.00514	0.00000
284	0.99809	0.00000	0.00000	0.00000	0.00191	0.00000
285	0.85683	0.00000	0.00000	0.00116	0.14201	0.00000
286	0.70774	0.00000	0.00000	0.00432	0.28794	0.00000
287	0.99731	0.00000	0.00000	0.00001	0.00269	0.00000
288	0.99695	0.00000	0.00000	0.00001	0.00305	0.00000
289	0.89510	0.00000	0.00000	0.00023	0.10467	0.00000
290	0.98854	0.00000	0.00000	0.00013	0.01133	0.00000
291	0.99711	0.00000	0.00000	0.00001	0.00288	0.00000
292	0.99550	0.00000	0.00000	0.00001	0.00449	0.00000
293	0.99558	0.00000	0.00000	0.00001	0.00441	0.00000
294	0.95064	0.00000	0.00000	0.00192	0.04744	0.00000
295	0.98933	0.00000	0.00000	0.00003	0.01064	0.00000
296	0.98807	0.00000	0.00000	0.00013	0.01180	0.00000
297	0.98696	0.00000	0.00000	0.00004	0.01301	0.00000
298	0.99786	0.00000	0.00000	0.00000	0.00214	0.00000
299	0.99816	0.00000	0.00000	0.00000	0.00184	0.00000
300	0.73381	0.00000	0.00000	0.01441	0.25178	0.00000
301	0.92979	0.00000	0.00000	0.00076	0.06945	0.00000
302	0.99203	0.00000	0.00000	0.00002	0.00795	0.00000
303	0.99098	0.00000	0.00000	0.00004	0.00898	0.00000
304	0.99683	0.00000	0.00000	0.00001	0.00316	0.00000
305	0.99802	0.00000	0.00000	0.00000	0.00198	0.00000
306	0.99756	0.00000	0.00000	0.00000	0.00244	0.00000
307	0.99820	0.00000	0.00000	0.00000	0.00180	0.00000
308	0.99693	0.00000	0.00000	0.00001	0.00306	0.00000
309	0.98961	0.00000	0.00000	0.00007	0.01032	0.00000
310	0.99177	0.00000	0.00000	0.00004	0.00819	0.00000
311	0.98301	0.00000	0.00000	0.00016	0.01683	0.00000
312	0.99611	0.00000	0.00000	0.00001	0.00388	0.00000
313	0.99730	0.00000	0.00000	0.00001	0.00269	0.00000
314	0.99716	0.00000	0.00000	0.00001	0.00283	0.00000
315	0.99726	0.00000	0.00000	0.00001	0.00273	0.00000
316	0.00000	0.00000	0.00003	0.04664	0.95333	0.00000
317	0.80302	0.00000	0.00000	0.00051	0.19647	0.00000
318	0.99007	0.00000	0.00000	0.00006	0.00987	0.00000
319	0.00000	0.00000	0.00000	0.08625	0.91375	0.00000
320	0.98642	0.00000	0.00000	0.00005	0.01353	0.00000
321	0.99671	0.00000	0.00000	0.00001	0.00328	0.00000
322	0.99506	0.00000	0.00000	0.00001	0.00493	0.00000
323	0.99671	0.00000	0.00000	0.00001	0.00328	0.00000
324	0.99402	0.00000	0.00000	0.00003	0.00595	0.00000
325	0.00000	0.00000	0.96224	0.00743	0.00082	0.02952
326	0.99685	0.00000	0.00000	0.00001	0.00315	0.00000
327	0.99602	0.00000	0.00000	0.00001	0.00396	0.00000
328	0.99877	0.00000	0.00000	0.00000	0.00123	0.00000
329	0.91846	0.00000	0.00000	0.00090	0.08064	0.00000
330	0.98611	0.00000	0.00000	0.00009	0.01380	0.00000
331	0.83832	0.00000	0.00000	0.00395	0.15773	0.00000
332	0.97140	0.00000	0.00000	0.00018	0.02842	0.00000
333	0.98142	0.00000	0.00000	0.00017	0.01841	0.00000
334	0.91671	0.00000	0.00000	0.00067	0.08261	0.00000
335	0.98763	0.00000	0.00000	0.00013	0.01225	0.00000
336	0.73381	0.00000	0.00000	0.01441	0.25178	0.00000
337	0.98780	0.00000	0.00000	0.00007	0.01213	0.00000
338	0.99605	0.00000	0.00000	0.00001	0.00394	0.00000
339	0.99132	0.00000	0.00000	0.00005	0.00863	0.00000
340	0.61128	0.00000	0.00000	0.01044	0.37829	0.00000
341	0.05989	0.00000	0.00000	0.00789	0.93223	0.00000
342	0.93810	0.00000	0.00000	0.00114	0.06076	0.00000
343	0.99007	0.00000	0.00000	0.00007	0.00986	0.00000
344	0.91545	0.00000	0.00000	0.00121	0.08334	0.00000
345	0.99828	0.00000	0.00000	0.00000	0.00171	0.00000
346	0.92979	0.00000	0.00000	0.00076	0.06945	0.00000
347	0.99120	0.00000	0.00000	0.00006	0.00874	0.00000
348	0.96903	0.00000	0.00000	0.00019	0.03078	0.00000
349	0.00000	0.00000	0.00000	0.99931	0.00000	0.00069
350	0.99670	0.00000	0.00000	0.00001	0.00329	0.00000
351	0.97762	0.00000	0.00000	0.00012	0.02226	0.00000
352	0.99532	0.00000	0.00000	0.00001	0.00466	0.00000
353	0.99499	0.00000	0.00000	0.00002	0.00499	0.00000
354	0.99861	0.00000	0.00000	0.00000	0.00139	0.00000
355	0.98137	0.00000	0.00000	0.00007	0.01856	0.00000
356	0.99584	0.00000	0.00000	0.00001	0.00414	0.00000
357	0.99724	0.00000	0.00000	0.00001	0.00276	0.00000
358	0.99657	0.00000	0.00000	0.00001	0.00342	0.00000
359	0.99834	0.00000	0.00000	0.00000	0.00166	0.00000
360	0.99375	0.00000	0.00000	0.00003	0.00622	0.00000
361	0.99752	0.00000	0.00000	0.00000	0.00248	0.00000
362	0.98919	0.00000	0.00000	0.00003	0.01078	0.00000
363	0.96687	0.00000	0.00000	0.00018	0.03295	0.00000
364	0.98124	0.00000	0.00000	0.00027	0.01849	0.00000
365	0.98193	0.00000	0.00000	0.00009	0.01798	0.00000
366	0.99790	0.00000	0.00000	0.00000	0.00209	0.00000
367	0.99713	0.00000	0.00000	0.00001	0.00286	0.00000
368	0.98055	0.00000	0.00000	0.00015	0.01930	0.00000
369	0.99837	0.00000	0.00000	0.00000	0.00162	0.00000
370	0.99149	0.00000	0.00000	0.00003	0.00847	0.00000
371	0.92680	0.00000	0.00000	0.00431	0.06889	0.00000
372	0.91545	0.00000	0.00000	0.00121	0.08334	0.00000
373	0.98614	0.00000	0.00000	0.00005	0.01381	0.00000
374	0.98235	0.00000	0.00000	0.00020	0.01745	0.00000
375	0.35422	0.00000	0.00000	0.00883	0.63695	0.00000
376	0.99413	0.00000	0.00000	0.00002	0.00585	0.00000
377	0.99851	0.00000	0.00000	0.00000	0.00149	0.00000
378	0.99655	0.00000	0.00000	0.00001	0.00344	0.00000
379	0.99301	0.00000	0.00000	0.00001	0.00698	0.00000
380	0.98820	0.00000	0.00000	0.00014	0.01167	0.00000
381	0.99835	0.00000	0.00000	0.00000	0.00165	0.00000
382	0.98614	0.00000	0.00000	0.00005	0.01381	0.00000
383	0.00000	0.00000	0.00000	0.12438	0.87561	0.00000
384	0.98542	0.00000	0.00000	0.00005	0.01453	0.00000
385	0.98323	0.00000	0.00000	0.00008	0.01669	0.00000
386	0.99641	0.00000	0.00000	0.00001	0.00358	0.00000
387	0.99833	0.00000	0.00000	0.00000	0.00166	0.00000
388	0.98298	0.00000	0.00000	0.00009	0.01693	0.00000
389	0.81808	0.00000	0.00000	0.00204	0.17988	0.00000
390	0.96573	0.00000	0.00000	0.00072	0.03355	0.00000
391	0.99374	0.00000	0.00000	0.00003	0.00623	0.00000
392	0.97507	0.00000	0.00000	0.00016	0.02477	0.00000
393	0.95789	0.00000	0.00000	0.00035	0.04176	0.00000
394	0.98897	0.00000	0.00000	0.00010	0.01093	0.00000
395	0.99402	0.00000	0.00000	0.00003	0.00595	0.00000
396	0.99757	0.00000	0.00000	0.00000	0.00242	0.00000
397	0.99718	0.00000	0.00000	0.00001	0.00281	0.00000
398	0.97676	0.00000	0.00000	0.00006	0.02318	0.00000
399	0.99860	0.00000	0.00000	0.00000	0.00140	0.00000
400	0.99115	0.00000	0.00000	0.00002	0.00882	0.00000
401	0.99674	0.00000	0.00000	0.00001	0.00325	0.00000
402	0.96224	0.00000	0.00000	0.00033	0.03743	0.00000
403	0.99790	0.00000	0.00000	0.00000	0.00210	0.00000
404	0.98752	0.00000	0.00000	0.00005	0.01243	0.00000
405	0.99101	0.00000	0.00000	0.00008	0.00892	0.00000
406	0.99580	0.00000	0.00000	0.00001	0.00419	0.00000
407	0.99762	0.00000	0.00000	0.00000	0.00238	0.00000
408	0.99523	0.00000	0.00000	0.00002	0.00475	0.00000
409	0.96405	0.00000	0.00000	0.00021	0.03574	0.00000
410	0.97499	0.00000	0.00000	0.00018	0.02483	0.00000
411	0.00285	0.00000	0.00000	0.01209	0.98505	0.00000
412	0.99543	0.00000	0.00000	0.00002	0.00455	0.00000
413	0.99593	0.00000	0.00000	0.00001	0.00406	0.00000
414	0.91940	0.00000	0.00000	0.00020	0.08040	0.00000
415	0.98920	0.00000	0.00000	0.00011	0.01069	0.00000
416	0.99814	0.00000	0.00000	0.00000	0.00185	0.00000
417	0.99112	0.00000	0.00000	0.00006	0.00883	0.00000
418	0.99482	0.00000	0.00000	0.00002	0.00516	0.00000
419	0.99809	0.00000	0.00000	0.00000	0.00191	0.00000
420	0.99793	0.00000	0.00000	0.00000	0.00206	0.00000
421	0.98384	0.00000	0.00000	0.00005	0.01611	0.00000
422	0.95389	0.00000	0.00000	0.00041	0.04569	0.00000
423	0.99674	0.00000	0.00000	0.00000	0.00326	0.00000
424	0.99381	0.00000	0.00000	0.00002	0.00617	0.00000
425	0.99839	0.00000	0.00000	0.00000	0.00161	0.00000
426	0.99656	0.00000	0.00000	0.00001	0.00343	0.00000
427	0.99146	0.00000	0.00000	0.00003	0.00851	0.00000
428	0.99501	0.00000	0.00000	0.00001	0.00497	0.00000
429	0.99771	0.00000	0.00000	0.00000	0.00229	0.00000
430	0.99810	0.00000	0.00000	0.00000	0.00190	0.00000
431	0.98932	0.00000	0.00000	0.00006	0.01062	0.00000
432	0.99648	0.00000	0.00000	0.00001	0.00351	0.00000
433	0.99727	0.00000	0.00000	0.00001	0.00272	0.00000
434	0.99546	0.00000	0.00000	0.00001	0.00453	0.00000
435	0.99742	0.00000	0.00000	0.00001	0.00257	0.00000
436	0.99752	0.00000	0.00000	0.00000	0.00248	0.00000
437	0.99029	0.00000	0.00000	0.00003	0.00968	0.00000
438	0.98949	0.00000	0.00000	0.00005	0.01046	0.00000
439	0.99747	0.00000	0.00000	0.00001	0.00252	0.00000
440	0.99929	0.00000	0.00000	0.00000	0.00071	0.00000
441	0.99129	0.00000	0.00000	0.00002	0.00868	0.00000
442	0.99766	0.00000	0.00000	0.00001	0.00233	0.00000
443	0.81665	0.00000	0.00000	0.00264	0.18071	0.00000
444	0.99921	0.00000	0.00000	0.00000	0.00079	0.00000
445	0.98524	0.00000	0.00000	0.00006	0.01470	0.00000
446	0.99847	0.00000	0.00000	0.00000	0.00153	0.00000
447	0.99702	0.00000	0.00000	0.00001	0.00298	0.00000
448	0.99781	0.00000	0.00000	0.00000	0.00219	0.00000
449	0.99794	0.00000	0.00000	0.00000	0.00206	0.00000
450	0.99663	0.00000	0.00000	0.00001	0.00336	0.00000
451	0.99422	0.00000	0.00000	0.00003	0.00575	0.00000
452	0.99846	0.00000	0.00000	0.00000	0.00153	0.00000
453	0.99800	0.00000	0.00000	0.00000	0.00199	0.00000
454	0.99060	0.00000	0.00000	0.00002	0.00938	0.00000
455	0.98038	0.00000	0.00000	0.00019	0.01943	0.00000
456	0.99707	0.00000	0.00000	0.00001	0.00292	0.00000
457	0.99572	0.00000	0.00000	0.00001	0.00427	0.00000
458	0.99664	0.00000	0.00000	0.00001	0.00335	0.00000
459	0.99808	0.00000	0.00000	0.00000	0.00192	0.00000
460	0.99806	0.00000	0.00000	0.00000	0.00193	0.00000
461	0.99632	0.00000	0.00000	0.00001	0.00367	0.00000
462	0.99195	0.00000	0.00000	0.00002	0.00804	0.00000
463	0.97893	0.00000	0.00000	0.00013	0.02094	0.00000
464	0.99079	0.00000	0.00000	0.00002	0.00919	0.00000
465	0.87943	0.00000	0.00000	0.00091	0.11967	0.00000
466	0.99742	0.00000	0.00000	0.00001	0.00258	0.00000
467	0.98816	0.00000	0.00000	0.00005	0.01179	0.00000
468	0.98972	0.00000	0.00000	0.00004	0.01024	0.00000
469	0.99190	0.00000	0.00000	0.00002	0.00808	0.00000
470	0.99756	0.00000	0.00000	0.00001	0.00243	0.00000
471	0.99821	0.00000	0.00000	0.00000	0.00179	0.00000
472	0.99014	0.00000	0.00000	0.00003	0.00983	0.00000
473	0.99737	0.00000	0.00000	0.00001	0.00263	0.00000
474	0.99767	0.00000	0.00000	0.00001	0.00232	0.00000
475	0.99798	0.00000	0.00000	0.00000	0.00202	0.00000
476	0.99824	0.00000	0.00000	0.00000	0.00176	0.00000
477	0.99803	0.00000	0.00000	0.00000	0.00197	0.00000
478	0.90776	0.00000	0.00000	0.00772	0.08453	0.00000
479	0.99843	0.00000	0.00000	0.00000	0.00156	0.00000
480	0.98957	0.00000	0.00000	0.00003	0.01041	0.00000
481	0.99808	0.00000	0.00000	0.00000	0.00192	0.00000
482	0.99331	0.00000	0.00000	0.00002	0.00667	0.00000
483	0.99560	0.00000	0.00000	0.00002	0.00438	0.00000
484	0.98617	0.00000	0.00000	0.00005	0.01378	0.00000
485	0.95889	0.00000	0.00000	0.00044	0.04067	0.00000
486	0.99743	0.00000	0.00000	0.00000	0.00257	0.00000
487	0.84905	0.00000	0.00000	0.00112	0.14983	0.00000
488	0.99638	0.00000	0.00000	0.00001	0.00361	0.00000
489	0.93090	0.00000	0.00000	0.00043	0.06866	0.00000
490	0.98099	0.00000	0.00000	0.00017	0.01884	0.00000
491	0.99755	0.00000	0.00000	0.00000	0.00244	0.00000
492	0.99826	0.00000	0.00000	0.00000	0.00174	0.00000
493	0.99848	0.00000	0.00000	0.00000	0.00152	0.00000
494	0.99511	0.00000	0.00000	0.00001	0.00488	0.00000
495	0.84733	0.00000	0.00000	0.00115	0.15153	0.00000
496	0.98874	0.00000	0.00000	0.00004	0.01122	0.00000
497	0.99827	0.00000	0.00000	0.00000	0.00173	0.00000
498	0.97155	0.00000	0.00000	0.00015	0.02830	0.00000
499	0.99216	0.00000	0.00000	0.00002	0.00782	0.00000
500	0.96082	0.00000	0.00000	0.00040	0.03877	0.00000
501	0.98763	0.00000	0.00000	0.00005	0.01232	0.00000
502	0.98790	0.00000	0.00000	0.00004	0.01206	0.00000
503	0.99829	0.00000	0.00000	0.00000	0.00171	0.00000
504	0.99449	0.00000	0.00000	0.00002	0.00549	0.00000
505	0.99813	0.00000	0.00000	0.00000	0.00186	0.00000
506	0.99284	0.00000	0.00000	0.00003	0.00713	0.00000
507	0.99652	0.00000	0.00000	0.00001	0.00347	0.00000
508	0.99582	0.00000	0.00000	0.00001	0.00417	0.00000
509	0.99363	0.00000	0.00000	0.00001	0.00636	0.00000
510	0.98554	0.00000	0.00000	0.00003	0.01444	0.00000
511	0.99566	0.00000	0.00000	0.00002	0.00432	0.00000
512	0.99892	0.00000	0.00000	0.00000	0.00108	0.00000
513	0.13886	0.00000	0.00000	0.00386	0.85728	0.00000
514	0.99943	0.00000	0.00000	0.00000	0.00057	0.00000
515	0.99851	0.00000	0.00000	0.00000	0.00149	0.00000
516	0.99744	0.00000	0.00000	0.00001	0.00255	0.00000
517	0.99448	0.00000	0.00000	0.00002	0.00550	0.00000
518	0.99214	0.00000	0.00000	0.00002	0.00784	0.00000
519	0.99858	0.00000	0.00000	0.00000	0.00142	0.00000
520	0.99365	0.00000	0.00000	0.00002	0.00633	0.00000
521	0.99374	0.00000	0.00000	0.00003	0.00623	0.00000
522	0.99685	0.00000	0.00000	0.00001	0.00314	0.00000
523	0.99686	0.00000	0.00000	0.00001	0.00314	0.00000
524	0.00000	0.00000	0.00000	0.99559	0.00001	0.00440
525	0.00000	0.00000	0.84986	0.03649	0.10988	0.00377
526	0.00000	0.00000	0.00000	0.91304	0.08696	0.00000
527	0.03875	0.00000	0.00000	0.00410	0.95715	0.00000
528	0.00000	0.00000	0.49893	0.20918	0.28889	0.00299
529	0.99465	0.00000	0.00000	0.00001	0.00533	0.00000
530	0.99280	0.00000	0.00000	0.00002	0.00718	0.00000
531	0.99791	0.00000	0.00000	0.00000	0.00209	0.00000
532	0.99776	0.00000	0.00000	0.00000	0.00224	0.00000
533	0.99647	0.00000	0.00000	0.00001	0.00352	0.00000
534	0.99517	0.00000	0.00000	0.00002	0.00481	0.00000
535	0.97056	0.00000	0.00000	0.00026	0.02918	0.00000
536	0.99785	0.00000	0.00000	0.00000	0.00214	0.00000
537	0.98761	0.00000	0.00000	0.00006	0.01233	0.00000
538	0.99591	0.00000	0.00000	0.00001	0.00407	0.00000
539	0.99836	0.00000	0.00000	0.00000	0.00164	0.00000
540	0.99696	0.00000	0.00000	0.00001	0.00303	0.00000
541	0.00000	0.00000	0.00000	0.99984	0.00015	0.00000
542	0.99729	0.00000	0.00000	0.00000	0.00271	0.00000
543	0.99729	0.00000	0.00000	0.00000	0.00271	0.00000
544	0.99600	0.00000	0.00000	0.00001	0.00399	0.00000
545	0.99600	0.00000	0.00000	0.00001	0.00399	0.00000
546	0.99927	0.00000	0.00000	0.00000	0.00073	0.00000
547	0.99843	0.00000	0.00000	0.00000	0.00157	0.00000
548	0.99630	0.00000	0.00000	0.00001	0.00369	0.00000
549	0.99630	0.00000	0.00000	0.00001	0.00369	0.00000
550	0.99762	0.00000	0.00000	0.00000	0.00237	0.00000
551	0.99535	0.00000	0.00000	0.00002	0.00464	0.00000
552	0.99878	0.00000	0.00000	0.00000	0.00122	0.00000
553	0.99857	0.00000	0.00000	0.00000	0.00143	0.00000
554	0.99052	0.00000	0.00000	0.00002	0.00946	0.00000
555	0.00000	0.00000	0.00170	0.55394	0.00002	0.44433
556	0.95804	0.00000	0.00000	0.00070	0.04126	0.00000
557	0.97777	0.00000	0.00000	0.00039	0.02184	0.00000
558	0.97607	0.00000	0.00000	0.00019	0.02374	0.00000
559	0.99651	0.00000	0.00000	0.00001	0.00348	0.00000
560	0.98659	0.00000	0.00000	0.00014	0.01327	0.00000
561	0.93525	0.00000	0.00000	0.00048	0.06427	0.00000
562	0.99815	0.00000	0.00000	0.00000	0.00185	0.00000
563	0.97794	0.00000	0.00000	0.00038	0.02168	0.00000
564	0.97607	0.00000	0.00000	0.00019	0.02374	0.00000
565	0.99782	0.00000	0.00000	0.00000	0.00217	0.00000
566	0.99782	0.00000	0.00000	0.00000	0.00217	0.00000
567	0.99826	0.00000	0.00000	0.00000	0.00174	0.00000
568	0.99777	0.00000	0.00000	0.00000	0.00222	0.00000
569	0.99832	0.00000	0.00000	0.00000	0.00167	0.00000
570	0.99828	0.00000	0.00000	0.00000	0.00172	0.00000
571	0.98600	0.00000	0.00000	0.00005	0.01395	0.00000
572	0.99684	0.00000	0.00000	0.00001	0.00315	0.00000
573	0.99133	0.00000	0.00000	0.00002	0.00865	0.00000
574	0.98940	0.00000	0.00000	0.00003	0.01057	0.00000
575	0.99869	0.00000	0.00000	0.00000	0.00131	0.00000
576	0.99444	0.00000	0.00000	0.00003	0.00553	0.00000
577	0.98998	0.00000	0.00000	0.00004	0.00998	0.00000
578	0.99921	0.00000	0.00000	0.00000	0.00079	0.00000
579	0.99550	0.00000	0.00000	0.00002	0.00448	0.00000
580	0.99451	0.00000	0.00000	0.00001	0.00548	0.00000
581	0.99661	0.00000	0.00000	0.00001	0.00338	0.00000
582	0.99860	0.00000	0.00000	0.00000	0.00140	0.00000
583	0.99810	0.00000	0.00000	0.00000	0.00190	0.00000
584	0.99922	0.00000	0.00000	0.00000	0.00078	0.00000
585	0.96815	0.00000	0.00000	0.00048	0.03137	0.00000
586	0.99683	0.00000	0.00000	0.00001	0.00316	0.00000
587	0.99421	0.00000	0.00000	0.00002	0.00577	0.00000
588	0.99870	0.00000	0.00000	0.00000	0.00130	0.00000
589	0.99741	0.00000	0.00000	0.00001	0.00259	0.00000
590	0.93790	0.00000	0.00000	0.00102	0.06107	0.00000
591	0.97205	0.00000	0.00000	0.00024	0.02771	0.00000
592	0.99522	0.00000	0.00000	0.00001	0.00477	0.00000
593	0.96833	0.00000	0.00000	0.00083	0.03084	0.00000
594	0.96537	0.00000	0.00000	0.00058	0.03406	0.00000
595	0.00036	0.00000	0.00000	0.06512	0.93452	0.00000
596	0.99492	0.00000	0.00000	0.00002	0.00506	0.00000
597	0.99730	0.00000	0.00000	0.00001	0.00269	0.00000
598	0.94023	0.00000	0.00000	0.00061	0.05916	0.00000
599	0.99450	0.00000	0.00000	0.00002	0.00547	0.00000
600	0.99130	0.00000	0.00000	0.00004	0.00866	0.00000
601	0.99428	0.00000	0.00000	0.00001	0.00571	0.00000
602	0.99445	0.00000	0.00000	0.00002	0.00553	0.00000
603	0.96537	0.00000	0.00000	0.00070	0.03393	0.00000
604	0.99306	0.00000	0.00000	0.00002	0.00692	0.00000
605	0.94311	0.00000	0.00000	0.00019	0.05671	0.00000
606	0.99245	0.00000	0.00000	0.00003	0.00752	0.00000
607	0.98534	0.00000	0.00000	0.00008	0.01457	0.00000
608	0.93374	0.00000	0.00000	0.00049	0.06578	0.00000
609	0.96566	0.00000	0.00000	0.00013	0.03421	0.00000
610	0.93374	0.00000	0.00000	0.00049	0.06578	0.00000
611	0.91537	0.00000	0.00000	0.00043	0.08420	0.00000
612	0.99588	0.00000	0.00000	0.00001	0.00411	0.00000
613	0.99763	0.00000	0.00000	0.00000	0.00236	0.00000
614	0.99818	0.00000	0.00000	0.00000	0.00181	0.00000
615	0.99894	0.00000	0.00000	0.00000	0.00106	0.00000
616	0.99737	0.00000	0.00000	0.00000	0.00263	0.00000
617	0.00000	0.00000	0.00001	0.20322	0.79677	0.00000
618	0.99677	0.00000	0.00000	0.00001	0.00322	0.00000
619	0.87661	0.00000	0.00000	0.00528	0.11811	0.00000
620	0.98384	0.00000	0.00000	0.00004	0.01612	0.00000
621	0.99317	0.00000	0.00000	0.00006	0.00677	0.00000
622	0.00000	0.00000	0.08862	0.82586	0.00563	0.07990
623	0.78863	0.00000	0.00000	0.00122	0.21015	0.00000
624	0.99640	0.00000	0.00000	0.00001	0.00359	0.00000
625	0.98847	0.00000	0.00000	0.00004	0.01149	0.00000
626	0.99625	0.00000	0.00000	0.00001	0.00374	0.00000
627	0.99809	0.00000	0.00000	0.00000	0.00191	0.00000
628	0.99494	0.00000	0.00000	0.00002	0.00504	0.00000
629	0.96881	0.00000	0.00000	0.00004	0.03115	0.00000
630	0.99684	0.00000	0.00000	0.00001	0.00315	0.00000
631	0.98256	0.00000	0.00000	0.00013	0.01731	0.00000
632	0.99433	0.00000	0.00000	0.00001	0.00566	0.00000
633	0.99060	0.00000	0.00000	0.00006	0.00933	0.00000
634	0.99544	0.00000	0.00000	0.00001	0.00454	0.00000
635	0.98128	0.00000	0.00000	0.00012	0.01861	0.00000
636	0.99625	0.00000	0.00000	0.00001	0.00374	0.00000
637	0.99695	0.00000	0.00000	0.00001	0.00304	0.00000
638	0.99683	0.00000	0.00000	0.00001	0.00316	0.00000
639	0.99855	0.00000	0.00000	0.00000	0.00145	0.00000
640	0.99732	0.00000	0.00000	0.00001	0.00268	0.00000
641	0.99514	0.00000	0.00000	0.00002	0.00485	0.00000
642	0.94972	0.00000	0.00000	0.00025	0.05004	0.00000
643	0.98041	0.00000	0.00000	0.00009	0.01950	0.00000
644	0.96317	0.00000	0.00000	0.00030	0.03652	0.00000
645	0.92790	0.00000	0.00000	0.00095	0.07115	0.00000
646	0.84610	0.00000	0.00000	0.00263	0.15127	0.00000
647	0.99741	0.00000	0.00000	0.00001	0.00259	0.00000
648	0.98939	0.00000	0.00000	0.00009	0.01052	0.00000
649	0.99764	0.00000	0.00000	0.00000	0.00236	0.00000
650	0.99849	0.00000	0.00000	0.00000	0.00151	0.00000
651	0.98653	0.00000	0.00000	0.00008	0.01339	0.00000
652	0.99213	0.00000	0.00000	0.00004	0.00783	0.00000
653	0.99018	0.00000	0.00000	0.00003	0.00979	0.00000
654	0.99712	0.00000	0.00000	0.00001	0.00287	0.00000
655	0.99809	0.00000	0.00000	0.00000	0.00190	0.00000
656	0.98771	0.00000	0.00000	0.00005	0.01224	0.00000
657	0.99865	0.00000	0.00000	0.00000	0.00134	0.00000
658	0.96303	0.00000	0.00000	0.00125	0.03572	0.00000
659	0.99797	0.00000	0.00000	0.00000	0.00202	0.00000
660	0.99513	0.00000	0.00000	0.00002	0.00485	0.00000
661	0.98864	0.00000	0.00000	0.00005	0.01131	0.00000
662	0.96666	0.00000	0.00000	0.00020	0.03314	0.00000
663	0.99339	0.00000	0.00000	0.00005	0.00656	0.00000
664	0.99707	0.00000	0.00000	0.00001	0.00292	0.00000
665	0.99663	0.00000	0.00000	0.00001	0.00336	0.00000
666	0.95343	0.00000	0.00000	0.00066	0.04591	0.00000
667	0.99664	0.00000	0.00000	0.00000	0.00336	0.00000
668	0.99664	0.00000	0.00000	0.00000	0.00336	0.00000
669	0.96794	0.00000	0.00000	0.00017	0.03189	0.00000
670	0.99383	0.00000	0.00000	0.00003	0.00613	0.00000
671	0.99614	0.00000	0.00000	0.00001	0.00385	0.00000
672	0.99524	0.00000	0.00000	0.00002	0.00475	0.00000
673	0.99746	0.00000	0.00000	0.00000	0.00254	0.00000
674	0.99244	0.00000	0.00000	0.00002	0.00754	0.00000
675	0.99124	0.00000	0.00000	0.00007	0.00869	0.00000
676	0.99736	0.00000	0.00000	0.00000	0.00264	0.00000
677	0.99736	0.00000	0.00000	0.00000	0.00264	0.00000
678	0.99893	0.00000	0.00000	0.00000	0.00107	0.00000
679	0.99792	0.00000	0.00000	0.00000	0.00208	0.00000
680	0.99739	0.00000	0.00000	0.00001	0.00260	0.00000
681	0.92254	0.00000	0.00000	0.00366	0.07380	0.00000
682	0.99017	0.00000	0.00000	0.00003	0.00980	0.00000
683	0.74001	0.00000	0.00000	0.05054	0.20945	0.00000
684	0.99559	0.00000	0.00000	0.00001	0.00440	0.00000
685	0.98898	0.00000	0.00000	0.00009	0.01093	0.00000
686	0.99242	0.00000	0.00000	0.00002	0.00756	0.00000
687	0.00000	0.00000	0.00000	0.03206	0.96794	0.00000
688	0.00000	0.00000	0.98547	0.00595	0.00554	0.00303
689	0.00000	0.00000	0.84327	0.07574	0.00659	0.07440
690	0.00000	0.00000	0.94287	0.01866	0.00763	0.03083
691	0.00000	0.00000	0.78524	0.11025	0.06665	0.03786
692	0.99665	0.00000	0.00000	0.00001	0.00334	0.00000
693	0.99820	0.00000	0.00000	0.00000	0.00180	0.00000
694	0.99807	0.00000	0.00000	0.00000	0.00193	0.00000
695	0.99438	0.00000	0.00000	0.00003	0.00559	0.00000
696	0.98846	0.00000	0.00000	0.00004	0.01150	0.00000
697	0.99629	0.00000	0.00000	0.00001	0.00371	0.00000
698	0.99702	0.00000	0.00000	0.00001	0.00297	0.00000
699	0.99633	0.00000	0.00000	0.00001	0.00366	0.00000
700	0.99802	0.00000	0.00000	0.00000	0.00197	0.00000
701	0.96862	0.00000	0.00000	0.00013	0.03125	0.00000
702	0.98891	0.00000	0.00000	0.00006	0.01103	0.00000
703	0.00000	0.99779	0.00000	0.00000	0.00000	0.00220
704	0.99836	0.00000	0.00000	0.00000	0.00164	0.00000
705	0.99570	0.00000	0.00000	0.00002	0.00429	0.00000
706	0.99274	0.00000	0.00000	0.00003	0.00723	0.00000
707	0.99354	0.00000	0.00000	0.00004	0.00642	0.00000
708	0.99600	0.00000	0.00000	0.00001	0.00400	0.00000
709	0.99059	0.00000	0.00000	0.00002	0.00939	0.00000
710	0.98833	0.00000	0.00000	0.00006	0.01161	0.00000
711	0.99330	0.00000	0.00000	0.00004	0.00666	0.00000
712	0.99761	0.00000	0.00000	0.00001	0.00239	0.00000
713	0.99677	0.00000	0.00000	0.00001	0.00323	0.00000
714	0.98842	0.00000	0.00000	0.00006	0.01153	0.00000
715	0.99688	0.00000	0.00000	0.00001	0.00311	0.00000
716	0.99767	0.00000	0.00000	0.00000	0.00232	0.00000
717	0.99839	0.00000	0.00000	0.00000	0.00161	0.00000
718	0.99875	0.00000	0.00000	0.00000	0.00125	0.00000
719	0.99049	0.00000	0.00000	0.00003	0.00948	0.00000
720	0.99033	0.00000	0.00000	0.00010	0.00958	0.00000
721	0.98835	0.00000	0.00000	0.00004	0.01161	0.00000
722	0.99322	0.00000	0.00000	0.00004	0.00674	0.00000
723	0.99856	0.00000	0.00000	0.00000	0.00144	0.00000
724	0.99660	0.00000	0.00000	0.00001	0.00339	0.00000
725	0.99765	0.00000	0.00000	0.00001	0.00234	0.00000
726	0.99603	0.00000	0.00000	0.00002	0.00396	0.00000
727	0.96330	0.00000	0.00000	0.00019	0.03651	0.00000
728	0.93102	0.00000	0.00000	0.00103	0.06795	0.00000
729	0.59220	0.00000	0.00000	0.00259	0.40520	0.00000
730	0.98841	0.00000	0.00000	0.00004	0.01155	0.00000
731	0.99732	0.00000	0.00000	0.00001	0.00268	0.00000
732	0.99014	0.00000	0.00000	0.00003	0.00984	0.00000
733	0.96575	0.00000	0.00000	0.00035	0.03390	0.00000
734	0.99775	0.00000	0.00000	0.00000	0.00224	0.00000
735	0.98689	0.00000	0.00000	0.00004	0.01307	0.00000
736	0.99890	0.00000	0.00000	0.00000	0.00110	0.00000
737	0.99755	0.00000	0.00000	0.00000	0.00245	0.00000
738	0.99379	0.00000	0.00000	0.00002	0.00619	0.00000
739	0.99462	0.00000	0.00000	0.00002	0.00535	0.00000
740	0.99652	0.00000	0.00000	0.00001	0.00347	0.00000
741	0.99443	0.00000	0.00000	0.00002	0.00555	0.00000
742	0.99228	0.00000	0.00000	0.00006	0.00767	0.00000
743	0.99739	0.00000	0.00000	0.00001	0.00261	0.00000
744	0.94344	0.00000	0.00000	0.00034	0.05622	0.00000
745	0.95890	0.00000	0.00000	0.00016	0.04095	0.00000
746	0.00000	0.00000	0.31748	0.09169	0.59035	0.00048
747	0.00000	0.00000	0.14152	0.67245	0.00246	0.18357
748	0.00000	0.00000	0.96472	0.01714	0.01378	0.00436
749	0.00000	0.00000	0.91689	0.01749	0.00113	0.06448
750	0.00000	0.00000	0.93415	0.01934	0.00179	0.04473
751	0.00000	0.00000	0.99198	0.00293	0.00308	0.00201
752	0.00000	0.00000	0.86357	0.02479	0.00088	0.11075
753	0.00000	0.00000	0.84619	0.03019	0.00134	0.12229
754	0.00000	0.00000	0.95766	0.01452	0.00212	0.02570
755	0.00000	0.00000	0.00260	0.86094	0.00027	0.13619
756	0.00000	0.00000	0.91551	0.01269	0.00053	0.07127
757	0.00000	0.00000	0.99428	0.00204	0.00198	0.00170
758	0.99575	0.00000	0.00000	0.00001	0.00424	0.00000
759	0.00002	0.00000	0.00000	0.00604	0.99395	0.00000
760	0.94670	0.00000	0.00000	0.00057	0.05273	0.00000
761	0.48182	0.00000	0.00000	0.00307	0.51512	0.00000
762	0.99784	0.00000	0.00000	0.00000	0.00216	0.00000
763	0.99752	0.00000	0.00000	0.00000	0.00247	0.00000
764	0.00000	0.00000	0.17407	0.38221	0.00165	0.44207
765	0.99742	0.00000	0.00000	0.00001	0.00257	0.00000
766	0.99853	0.00000	0.00000	0.00000	0.00147	0.00000
767	0.99853	0.00000	0.00000	0.00000	0.00147	0.00000
768	0.99803	0.00000	0.00000	0.00000	0.00196	0.00000
769	0.98987	0.00000	0.00000	0.00008	0.01005	0.00000
770	0.00000	0.00000	0.00000	0.99593	0.00000	0.00407
771	0.00013	0.00000	0.00000	0.12194	0.87793	0.00000
772	0.00000	0.00000	0.00000	0.99544	0.00000	0.00455
773	0.00000	0.00000	0.00000	0.99822	0.00000	0.00178
774	0.00001	0.00000	0.00476	0.17682	0.81830	0.00012
775	0.99659	0.00000	0.00000	0.00001	0.00340	0.00000
776	0.99412	0.00000	0.00000	0.00003	0.00585	0.00000
777	0.99835	0.00000	0.00000	0.00000	0.00165	0.00000
778	0.98681	0.00000	0.00000	0.00009	0.01310	0.00000
779	0.97860	0.00000	0.00000	0.00046	0.02094	0.00000
780	0.98872	0.00000	0.00000	0.00010	0.01118	0.00000
781	0.99053	0.00000	0.00000	0.00007	0.00941	0.00000
782	0.99017	0.00000	0.00000	0.00008	0.00975	0.00000
783	0.99658	0.00000	0.00000	0.00001	0.00341	0.00000
784	0.99619	0.00000	0.00000	0.00001	0.00380	0.00000
785	0.99248	0.00000	0.00000	0.00004	0.00749	0.00000
786	0.99337	0.00000	0.00000	0.00003	0.00660	0.00000
787	0.99342	0.00000	0.00000	0.00004	0.00654	0.00000
788	0.99189	0.00000	0.00000	0.00005	0.00805	0.00000
789	0.99427	0.00000	0.00000	0.00002	0.00571	0.00000
790	0.99130	0.00000	0.00000	0.00005	0.00864	0.00000
791	0.97467	0.00000	0.00000	0.00054	0.02479	0.00000
792	0.99579	0.00000	0.00000	0.00001	0.00419	0.00000
793	0.97974	0.00000	0.00000	0.00017	0.02008	0.00000
794	0.98906	0.00000	0.00000	0.00011	0.01083	0.00000
795	0.99329	0.00000	0.00000	0.00002	0.00669	0.00000
796	0.99860	0.00000	0.00000	0.00000	0.00140	0.00000
797	0.99067	0.00000	0.00000	0.00008	0.00924	0.00000
798	0.99513	0.00000	0.00000	0.00003	0.00484	0.00000
799	0.99627	0.00000	0.00000	0.00001	0.00372	0.00000
800	0.99585	0.00000	0.00000	0.00001	0.00414	0.00000
801	0.98653	0.00000	0.00000	0.00013	0.01333	0.00000
802	0.98975	0.00000	0.00000	0.00009	0.01016	0.00000
803	0.99274	0.00000	0.00000	0.00002	0.00724	0.00000
804	0.99921	0.00000	0.00000	0.00000	0.00079	0.00000
805	0.99911	0.00000	0.00000	0.00000	0.00089	0.00000
806	0.99806	0.00000	0.00000	0.00000	0.00194	0.00000
807	0.98721	0.00000	0.00000	0.00015	0.01264	0.00000
808	0.99756	0.00000	0.00000	0.00000	0.00244	0.00000
809	0.99604	0.00000	0.00000	0.00001	0.00395	0.00000
810	0.99772	0.00000	0.00000	0.00000	0.00227	0.00000
811	0.99107	0.00000	0.00000	0.00002	0.00890	0.00000
812	0.99851	0.00000	0.00000	0.00000	0.00149	0.00000
813	0.99775	0.00000	0.00000	0.00000	0.00224	0.00000
814	0.99074	0.00000	0.00000	0.00003	0.00923	0.00000
815	0.99745	0.00000	0.00000	0.00000	0.00254	0.00000
816	0.99495	0.00000	0.00000	0.00001	0.00504	0.00000
817	0.99419	0.00000	0.00000	0.00002	0.00579	0.00000
818	0.99777	0.00000	0.00000	0.00000	0.00223	0.00000
819	0.99847	0.00000	0.00000	0.00000	0.00153	0.00000
820	0.99378	0.00000	0.00000	0.00002	0.00620	0.00000
821	0.98755	0.00000	0.00000	0.00015	0.01230	0.00000
822	0.99030	0.00000	0.00000	0.00007	0.00963	0.00000
823	0.97701	0.00000	0.00000	0.00050	0.02248	0.00000
824	0.99454	0.00000	0.00000	0.00002	0.00544	0.00000
825	0.98819	0.00000	0.00000	0.00005	0.01176	0.00000
826	0.97999	0.00000	0.00000	0.00031	0.01970	0.00000
827	0.99659	0.00000	0.00000	0.00001	0.00340	0.00000
828	0.98246	0.00000	0.00000	0.00015	0.01739	0.00000
829	0.99776	0.00000	0.00000	0.00000	0.00223	0.00000
830	0.99598	0.00000	0.00000	0.00001	0.00401	0.00000
831	0.98482	0.00000	0.00000	0.00021	0.01497	0.00000
832	0.99570	0.00000	0.00000	0.00001	0.00428	0.00000
833	0.99625	0.00000	0.00000	0.00001	0.00374	0.00000
834	0.99927	0.00000	0.00000	0.00000	0.00073	0.00000
835	0.99355	0.00000	0.00000	0.00001	0.00644	0.00000
836	0.99367	0.00000	0.00000	0.00002	0.00631	0.00000
837	0.99794	0.00000	0.00000	0.00000	0.00205	0.00000
838	0.99522	0.00000	0.00000	0.00001	0.00477	0.00000
839	0.97910	0.00000	0.00000	0.00018	0.02072	0.00000
840	0.98025	0.00000	0.00000	0.00010	0.01965	0.00000
841	0.98665	0.00000	0.00000	0.00006	0.01329	0.00000
842	0.99854	0.00000	0.00000	0.00000	0.00146	0.00000
843	0.93815	0.00000	0.00000	0.00044	0.06141	0.00000
844	0.98366	0.00000	0.00000	0.00022	0.01612	0.00000
845	0.85866	0.00000	0.00000	0.00024	0.14110	0.00000
846	0.97970	0.00000	0.00000	0.00008	0.02022	0.00000
847	0.99396	0.00000	0.00000	0.00003	0.00601	0.00000
848	0.98765	0.00000	0.00000	0.00011	0.01224	0.00000
849	0.99632	0.00000	0.00000	0.00000	0.00367	0.00000
850	0.99717	0.00000	0.00000	0.00001	0.00283	0.00000
851	0.99854	0.00000	0.00000	0.00000	0.00146	0.00000
852	0.98545	0.00000	0.00000	0.00011	0.01444	0.00000
853	0.99232	0.00000	0.00000	0.00004	0.00764	0.00000
854	0.80526	0.00000	0.00000	0.00364	0.19110	0.00000
855	0.89415	0.00000	0.00000	0.00625	0.09960	0.00000
856	0.99650	0.00000	0.00000	0.00001	0.00349	0.00000
857	0.99586	0.00000	0.00000	0.00001	0.00413	0.00000
858	0.98081	0.00000	0.00000	0.00034	0.01885	0.00000
859	0.99731	0.00000	0.00000	0.00000	0.00268	0.00000
860	0.98802	0.00000	0.00000	0.00014	0.01184	0.00000
861	0.99410	0.00000	0.00000	0.00003	0.00587	0.00000
862	0.99272	0.00000	0.00000	0.00005	0.00723	0.00000
863	0.99545	0.00000	0.00000	0.00002	0.00453	0.00000
864	0.99539	0.00000	0.00000	0.00002	0.00459	0.00000
865	0.95175	0.00000	0.00000	0.00152	0.04674	0.00000
866	0.99835	0.00000	0.00000	0.00000	0.00164	0.00000
867	0.95239	0.00000	0.00000	0.00128	0.04633	0.00000
868	0.97563	0.00000	0.00000	0.00034	0.02403	0.00000
869	0.96538	0.00000	0.00000	0.00010	0.03451	0.00000
870	0.99911	0.00000	0.00000	0.00000	0.00089	0.00000
871	0.99883	0.00000	0.00000	0.00000	0.00117	0.00000
872	0.99532	0.00000	0.00000	0.00002	0.00465	0.00000
873	0.99573	0.00000	0.00000	0.00001	0.00426	0.00000
874	0.99799	0.00000	0.00000	0.00000	0.00201	0.00000
875	0.99478	0.00000	0.00000	0.00002	0.00519	0.00000
876	0.99309	0.00000	0.00000	0.00004	0.00688	0.00000
877	0.99829	0.00000	0.00000	0.00000	0.00171	0.00000
878	0.97711	0.00000	0.00000	0.00026	0.02263	0.00000
879	0.97871	0.00000	0.00000	0.00012	0.02117	0.00000
880	0.99874	0.00000	0.00000	0.00000	0.00125	0.00000
881	0.99693	0.00000	0.00000	0.00001	0.00306	0.00000
882	0.99711	0.00000	0.00000	0.00001	0.00288	0.00000
883	0.99875	0.00000	0.00000	0.00000	0.00125	0.00000
884	0.99787	0.00000	0.00000	0.00000	0.00213	0.00000
885	0.98952	0.00000	0.00000	0.00005	0.01043	0.00000
886	0.99901	0.00000	0.00000	0.00000	0.00099	0.00000
887	0.99673	0.00000	0.00000	0.00001	0.00326	0.00000
888	0.68184	0.00000	0.00000	0.00372	0.31444	0.00000
889	0.62257	0.00000	0.00000	0.00383	0.37361	0.00000
890	0.85324	0.00000	0.00000	0.00089	0.14587	0.00000
891	0.75169	0.00000	0.00000	0.00288	0.24543	0.00000
892	0.99334	0.00000	0.00000	0.00002	0.00663	0.00000
893	0.99692	0.00000	0.00000	0.00001	0.00307	0.00000
894	0.99318	0.00000	0.00000	0.00004	0.00679	0.00000
895	0.92066	0.00000	0.00000	0.00037	0.07896	0.00000
896	0.99123	0.00000	0.00000	0.00006	0.00871	0.00000
897	0.95929	0.00000	0.00000	0.00023	0.04049	0.00000
898	0.97316	0.00000	0.00000	0.00011	0.02673	0.00000
899	0.99550	0.00000	0.00000	0.00002	0.00448	0.00000
900	0.99765	0.00000	0.00000	0.00000	0.00234	0.00000
901	0.99392	0.00000	0.00000	0.00003	0.00604	0.00000
902	0.98857	0.00000	0.00000	0.00005	0.01138	0.00000
903	0.98621	0.00000	0.00000	0.00003	0.01376	0.00000
904	0.94576	0.00000	0.00000	0.00044	0.05380	0.00000
905	0.98063	0.00000	0.00000	0.00006	0.01931	0.00000
906	0.99831	0.00000	0.00000	0.00000	0.00169	0.00000
907	0.99791	0.00000	0.00000	0.00000	0.00209	0.00000
908	0.99573	0.00000	0.00000	0.00001	0.00425	0.00000
909	0.99354	0.00000	0.00000	0.00133	0.00513	0.00000
910	0.99761	0.00000	0.00000	0.00001	0.00239	0.00000
911	0.99848	0.00000	0.00000	0.00000	0.00152	0.00000
912	0.99769	0.00000	0.00000	0.00000	0.00231	0.00000
913	0.99805	0.00000	0.00000	0.00000	0.00195	0.00000
914	0.99614	0.00000	0.00000	0.00001	0.00384	0.00000
915	0.94675	0.00000	0.00000	0.00046	0.05279	0.00000
916	0.97112	0.00000	0.00000	0.00010	0.02878	0.00000
917	0.99814	0.00000	0.00000	0.00000	0.00186	0.00000
918	0.99258	0.00000	0.00000	0.00003	0.00740	0.00000
919	0.97210	0.00000	0.00000	0.00014	0.02777	0.00000
920	0.98350	0.00000	0.00000	0.00005	0.01645	0.00000
921	0.99815	0.00000	0.00000	0.00000	0.00184	0.00000
922	0.99228	0.00000	0.00000	0.00002	0.00770	0.00000
923	0.99869	0.00000	0.00000	0.00000	0.00131	0.00000
924	0.99885	0.00000	0.00000	0.00000	0.00114	0.00000
925	0.98338	0.00000	0.00000	0.00005	0.01657	0.00000
926	0.99854	0.00000	0.00000	0.00000	0.00146	0.00000
927	0.99741	0.00000	0.00000	0.00001	0.00258	0.00000
928	0.99733	0.00000	0.00000	0.00001	0.00266	0.00000
929	0.99721	0.00000	0.00000	0.00001	0.00279	0.00000
930	0.99565	0.00000	0.00000	0.00001	0.00433	0.00000
931	0.99362	0.00000	0.00000	0.00003	0.00635	0.00000
932	0.99143	0.00000	0.00000	0.00002	0.00855	0.00000
933	0.99223	0.00000	0.00000	0.00002	0.00775	0.00000
934	0.93588	0.00000	0.00000	0.00051	0.06361	0.00000
935	0.99736	0.00000	0.00000	0.00000	0.00263	0.00000
936	0.98754	0.00000	0.00000	0.00004	0.01242	0.00000
937	0.99791	0.00000	0.00000	0.00000	0.00209	0.00000
938	0.99663	0.00000	0.00000	0.00001	0.00336	0.00000
939	0.99824	0.00000	0.00000	0.00000	0.00176	0.00000
940	0.99821	0.00000	0.00000	0.00000	0.00178	0.00000
941	0.99744	0.00000	0.00000	0.00001	0.00256	0.00000
942	0.99714	0.00000	0.00000	0.00001	0.00285	0.00000
943	0.99494	0.00000	0.00000	0.00002	0.00504	0.00000
944	0.99404	0.00000	0.00000	0.00003	0.00593	0.00000
945	0.99516	0.00000	0.00000	0.00001	0.00483	0.00000
946	0.98842	0.00000	0.00000	0.00010	0.01147	0.00000
947	0.99246	0.00000	0.00000	0.00004	0.00750	0.00000
948	0.99807	0.00000	0.00000	0.00000	0.00193	0.00000
949	0.99481	0.00000	0.00000	0.00002	0.00516	0.00000
950	0.99495	0.00000	0.00000	0.00002	0.00504	0.00000
951	0.99622	0.00000	0.00000	0.00001	0.00376	0.00000
952	0.99758	0.00000	0.00000	0.00000	0.00242	0.00000
953	0.99624	0.00000	0.00000	0.00001	0.00375	0.00000
954	0.97831	0.00000	0.00000	0.00024	0.02145	0.00000
955	0.99789	0.00000	0.00000	0.00000	0.00211	0.00000
956	0.99737	0.00000	0.00000	0.00001	0.00262	0.00000
957	0.99743	0.00000	0.00000	0.00001	0.00257	0.00000
958	0.99732	0.00000	0.00000	0.00001	0.00267	0.00000
959	0.99174	0.00000	0.00000	0.00005	0.00821	0.00000
960	0.99792	0.00000	0.00000	0.00000	0.00208	0.00000
961	0.99816	0.00000	0.00000	0.00000	0.00183	0.00000
962	0.99855	0.00000	0.00000	0.00000	0.00145	0.00000
963	0.99545	0.00000	0.00000	0.00005	0.00450	0.00000
964	0.99719	0.00000	0.00000	0.00001	0.00280	0.00000
965	0.99873	0.00000	0.00000	0.00000	0.00127	0.00000
966	0.70729	0.00000	0.00000	0.00310	0.28961	0.00000
967	0.98775	0.00000	0.00000	0.00005	0.01220	0.00000
968	0.99600	0.00000	0.00000	0.00001	0.00399	0.00000
969	0.66744	0.00000	0.00000	0.00100	0.33157	0.00000
970	0.96721	0.00000	0.00000	0.00015	0.03265	0.00000
971	0.99899	0.00000	0.00000	0.00000	0.00101	0.00000
972	0.99865	0.00000	0.00000	0.00000	0.00135	0.00000
973	0.99775	0.00000	0.00000	0.00000	0.00225	0.00000
974	0.81194	0.00000	0.00000	0.00089	0.18717	0.00000
975	0.99684	0.00000	0.00000	0.00001	0.00315	0.00000
976	0.78505	0.00000	0.00000	0.00047	0.21448	0.00000
977	0.98620	0.00000	0.00000	0.00004	0.01376	0.00000
978	0.99691	0.00000	0.00000	0.00001	0.00308	0.00000
979	0.99753	0.00000	0.00000	0.00000	0.00247	0.00000
980	0.99834	0.00000	0.00000	0.00000	0.00166	0.00000
981	0.99722	0.00000	0.00000	0.00000	0.00278	0.00000
982	0.99737	0.00000	0.00000	0.00001	0.00262	0.00000
983	0.96589	0.00000	0.00000	0.00044	0.03367	0.00000
984	0.99804	0.00000	0.00000	0.00000	0.00195	0.00000
985	0.98604	0.00000	0.00000	0.00005	0.01392	0.00000
986	0.99352	0.00000	0.00000	0.00003	0.00645	0.00000
987	0.99066	0.00000	0.00000	0.00007	0.00927	0.00000
988	0.99832	0.00000	0.00000	0.00000	0.00168	0.00000
989	0.99729	0.00000	0.00000	0.00001	0.00271	0.00000
990	0.99592	0.00000	0.00000	0.00001	0.00407	0.00000
991	0.99874	0.00000	0.00000	0.00000	0.00126	0.00000
992	0.99285	0.00000	0.00000	0.00002	0.00713	0.00000
993	0.99842	0.00000	0.00000	0.00000	0.00157	0.00000
994	0.99630	0.00000	0.00000	0.00001	0.00369	0.00000
995	0.99854	0.00000	0.00000	0.00000	0.00146	0.00000
996	0.99906	0.00000	0.00000	0.00000	0.00094	0.00000
997	0.97357	0.00000	0.00000	0.00038	0.02605	0.00000
998	0.99372	0.00000	0.00000	0.00003	0.00625	0.00000
999	0.99742	0.00000	0.00000	0.00001	0.00257	0.00000
1000	0.98538	0.00000	0.00000	0.00021	0.01441	0.00000
1001	0.99725	0.00000	0.00000	0.00001	0.00274	0.00000
1002	0.98796	0.00000	0.00000	0.00007	0.01197	0.00000
1003	0.89980	0.00000	0.00000	0.00356	0.09664	0.00000
1004	0.97474	0.00000	0.00000	0.00014	0.02512	0.00000
1005	0.99833	0.00000	0.00000	0.00000	0.00167	0.00000
1006	0.99833	0.00000	0.00000	0.00000	0.00167	0.00000
1007	0.99909	0.00000	0.00000	0.00000	0.00091	0.00000
1008	0.95135	0.00000	0.00000	0.00017	0.04848	0.00000
1009	0.98898	0.00000	0.00000	0.00003	0.01099	0.00000
1010	0.99725	0.00000	0.00000	0.00001	0.00274	0.00000
1011	0.98053	0.00000	0.00000	0.00009	0.01938	0.00000
1012	0.97985	0.00000	0.00000	0.00007	0.02008	0.00000
1013	0.99146	0.00000	0.00000	0.00006	0.00847	0.00000
1014	0.99744	0.00000	0.00000	0.00001	0.00255	0.00000
1015	0.98899	0.00000	0.00000	0.00010	0.01091	0.00000
1016	0.87235	0.00000	0.00000	0.00273	0.12492	0.00000
1017	0.99256	0.00000	0.00000	0.00001	0.00742	0.00000
1018	0.98081	0.00000	0.00000	0.00026	0.01893	0.00000
1019	0.95264	0.00000	0.00000	0.00129	0.04608	0.00000
1020	0.97600	0.00000	0.00000	0.00033	0.02367	0.00000
1021	0.99035	0.00000	0.00000	0.00006	0.00959	0.00000
1022	0.98211	0.00000	0.00000	0.00016	0.01773	0.00000
1023	0.99930	0.00000	0.00000	0.00000	0.00070	0.00000
1024	0.99283	0.00000	0.00000	0.00002	0.00715	0.00000
1025	0.99582	0.00000	0.00000	0.00001	0.00417	0.00000
1026	0.95530	0.00000	0.00000	0.00022	0.04447	0.00000
1027	0.95537	0.00000	0.00000	0.00043	0.04420	0.00000
1028	0.91274	0.00000	0.00000	0.00203	0.08524	0.00000
1029	0.99714	0.00000	0.00000	0.00001	0.00286	0.00000
1030	0.00000	0.00008	0.00000	0.05072	0.00000	0.94921
1031	0.00000	0.00000	0.00000	0.06349	0.93651	0.00000
1032	0.00000	0.00000	0.81846	0.06577	0.11273	0.00305
1033	0.00000	0.00000	0.92994	0.02120	0.00319	0.04567
1034	0.00000	0.00000	0.99068	0.00320	0.00466	0.00146
1035	0.00000	0.00000	0.92395	0.03238	0.00353	0.04014
1036	0.00000	0.00000	0.97454	0.00911	0.01424	0.00211
1037	0.00000	0.00000	0.97931	0.00830	0.00777	0.00462
1038	0.00000	0.00000	0.92594	0.01437	0.00148	0.05821
1039	0.00000	0.00000	0.66832	0.11884	0.21006	0.00278
1040	0.00000	0.00000	0.82497	0.05598	0.00486	0.11419
1041	0.00000	0.00000	0.97196	0.01237	0.00758	0.00809
1042	0.00000	0.00038	0.00000	0.02246	0.00000	0.97717
1043	0.00000	0.00000	0.90415	0.04198	0.03209	0.02178
1044	0.00000	0.00000	0.96351	0.01326	0.01748	0.00575
1045	0.00000	0.00000	0.85795	0.03626	0.10434	0.00145
1046	0.97972	0.00000	0.00000	0.00011	0.02017	0.00000
1047	0.00000	0.00000	0.94688	0.02292	0.02533	0.00487
1048	0.99139	0.00000	0.00000	0.00002	0.00859	0.00000
1049	0.00000	0.00000	0.98528	0.00357	0.00087	0.01028
1050	0.00000	0.00000	0.95943	0.01927	0.00682	0.01448
1051	0.00000	0.00000	0.37029	0.36354	0.26286	0.00331
1052	0.00000	0.99868	0.00000	0.00000	0.00000	0.00131
1053	0.00000	0.00000	0.00003	0.98700	0.01288	0.00010
1054	0.00000	0.68795	0.00000	0.01429	0.00000	0.29776
1055	0.00000	0.00000	0.94767	0.01210	0.00187	0.03836
1056	0.00000	0.00000	0.00012	0.97865	0.00011	0.02113
1057	0.00000	0.00000	0.00029	0.35440	0.00000	0.64531
1058	0.00000	0.00000	0.95610	0.01440	0.00991	0.01960
1059	0.00000	0.00000	0.27780	0.21130	0.00051	0.51040
1060	0.00000	0.00000	0.02654	0.08481	0.88863	0.00003
1061	0.00000	0.00000	0.91652	0.03834	0.03211	0.01304
1062	0.00000	0.00000	0.09161	0.20313	0.70510	0.00016
1063	0.99612	0.00000	0.00000	0.00000	0.00387	0.00000
1064	0.99868	0.00000	0.00000	0.00000	0.00132	0.00000
1065	0.00000	0.00000	0.00302	0.98049	0.00706	0.00944
1066	0.00000	0.00000	0.65612	0.16834	0.15689	0.01865
1067	0.00000	0.00003	0.00016	0.31489	0.00000	0.68492
1068	0.00000	0.00000	0.00000	0.99745	0.00001	0.00253
1069	0.00000	0.00000	0.00021	0.11144	0.00000	0.88834
1070	0.00000	0.00000	0.99482	0.00172	0.00106	0.00240
1071	0.00000	0.00000	0.00000	0.99999	0.00000	0.00001
1072	0.00000	0.00000	0.47142	0.27181	0.25075	0.00602
1073	0.00000	0.00000	0.00160	0.96481	0.00090	0.03269
1074	0.00000	0.00008	0.00000	0.98752	0.00000	0.01240
1075	0.00000	0.00000	0.00000	0.99994	0.00000	0.00006
1076	0.99553	0.00000	0.00000	0.00001	0.00446	0.00000
1077	0.00001	0.00000	0.00000	0.03658	0.96341	0.00000
1078	0.00000	0.00000	0.00001	0.07103	0.92897	0.00000
1079	0.98605	0.00000	0.00000	0.00006	0.01390	0.00000
1080	0.00000	0.00000	0.00000	0.01504	0.98496	0.00000
1081	0.00000	0.00000	0.03503	0.76080	0.20216	0.00201
1082	0.00000	0.00000	0.30131	0.62877	0.03846	0.03147
1083	0.00001	0.00000	0.00000	0.09905	0.90094	0.00000
1084	0.00000	0.00000	0.99021	0.00351	0.00324	0.00303
1085	0.00000	0.99817	0.00000	0.00000	0.00000	0.00183
1086	0.00000	0.00000	0.97227	0.01020	0.00924	0.00829
1087	0.00000	0.00000	0.97633	0.00863	0.01059	0.00444
1088	0.00000	0.00000	0.09335	0.24266	0.00039	0.66360
1089	0.00000	0.00000	0.79298	0.04799	0.15664	0.00238
1090	0.00000	0.86202	0.00000	0.00066	0.00000	0.13732
1091	0.00000	0.00000	0.86426	0.04180	0.00466	0.08928
1092	0.00000	0.00000	0.77288	0.07080	0.00807	0.14825
1093	0.00000	0.00000	0.07878	0.17043	0.75039	0.00039
1094	0.49747	0.00000	0.00000	0.00782	0.49471	0.00000
1095	0.21235	0.00000	0.00000	0.01379	0.77386	0.00000
1096	0.00000	0.97903	0.00000	0.00018	0.00000	0.02079
1097	0.00000	0.00000	0.97126	0.00911	0.01786	0.00177
1098	0.00000	0.00000	0.90069	0.03149	0.06225	0.00557
1099	0.96510	0.00000	0.00000	0.00027	0.03462	0.00000
1100	0.00000	0.00148	0.00000	0.02607	0.00000	0.97245
1101	0.00000	0.00003	0.00000	0.03780	0.00000	0.96216
1102	0.00000	0.00000	0.00000	0.98106	0.00000	0.01893
1103	0.00000	0.00000	0.00003	0.08217	0.91780	0.00000
1104	0.99421	0.00000	0.00000	0.00002	0.00576	0.00000
1105	0.00000	0.00000	0.00000	0.09483	0.90517	0.00000
1106	0.00081	0.00000	0.00000	0.10533	0.89387	0.00000
1107	0.00000	0.00000	0.00000	0.06859	0.93141	0.00000
1108	0.00000	0.00000	0.00032	0.86045	0.13915	0.00008
1109	0.00000	0.00000	0.01842	0.52551	0.45524	0.00083
1110	0.00000	0.00000	0.00000	0.04794	0.95206	0.00000
1111	0.00000	0.00000	0.98489	0.00634	0.00637	0.00241
1112	0.97288	0.00000	0.00000	0.00013	0.02699	0.00000
1113	0.00000	0.92757	0.00000	0.00092	0.00000	0.07151
1114	0.00000	0.92312	0.00000	0.00144	0.00000	0.07543
1115	0.00000	0.00000	0.98761	0.00398	0.00693	0.00148
1116	0.00000	0.00000	0.80316	0.02773	0.16801	0.00110
1117	0.00000	0.00000	0.96663	0.00852	0.02392	0.00093
1118	0.00005	0.00000	0.00017	0.15982	0.83996	0.00000
1119	0.00000	0.00000	0.97504	0.00643	0.01685	0.00169
1120	0.00000	0.00000	0.00118	0.07780	0.92102	0.00000
1121	0.00000	0.00000	0.00198	0.10758	0.89044	0.00000
1122	0.97288	0.00000	0.00000	0.00013	0.02699	0.00000
1123	0.99734	0.00000	0.00000	0.00000	0.00266	0.00000
1124	0.00000	0.00000	0.92647	0.03205	0.02570	0.01578
1125	0.00000	0.00000	0.69664	0.14248	0.03023	0.13065
1126	0.99805	0.00000	0.00000	0.00000	0.00195	0.00000
1127	0.99846	0.00000	0.00000	0.00000	0.00154	0.00000
1128	0.00000	0.00000	0.22379	0.47566	0.00287	0.29769
1129	0.00000	0.00000	0.97825	0.00798	0.00621	0.00756
1130	0.00000	0.99084	0.00000	0.00002	0.00000	0.00913
1131	0.00000	0.92312	0.00000	0.00144	0.00000	0.07543
1132	0.00000	0.86529	0.00000	0.00628	0.00000	0.12843
1133	0.00000	0.92757	0.00000	0.00092	0.00000	0.07151
1134	0.00000	0.43531	0.00000	0.02422	0.00000	0.54047
1135	0.00000	0.91109	0.00000	0.00283	0.00000	0.08607
1136	0.00000	0.99268	0.00000	0.00004	0.00000	0.00728
1137	0.00000	0.00000	0.00003	0.04664	0.95333	0.00000
1138	0.00000	0.43531	0.00000	0.02422	0.00000	0.54047
1139	0.00000	0.75578	0.00000	0.00375	0.00000	0.24048
1140	0.00000	0.87642	0.00000	0.00281	0.00000	0.12078
1141	0.98204	0.00000	0.00000	0.00024	0.01772	0.00000
1142	0.98956	0.00000	0.00000	0.00011	0.01034	0.00000
1143	0.88931	0.00000	0.00000	0.00377	0.10692	0.00000
1144	0.99125	0.00000	0.00000	0.00006	0.00868	0.00000
1145	0.00000	0.00000	0.90618	0.02501	0.06405	0.00476
1146	0.98913	0.00000	0.00000	0.00009	0.01078	0.00000
1147	0.99618	0.00000	0.00000	0.00001	0.00381	0.00000
1148	0.99696	0.00000	0.00000	0.00001	0.00303	0.00000
1149	0.98466	0.00000	0.00000	0.00020	0.01514	0.00000
1150	0.98587	0.00000	0.00000	0.00008	0.01406	0.00000
1151	0.99667	0.00000	0.00000	0.00001	0.00332	0.00000
1152	0.99708	0.00000	0.00000	0.00001	0.00291	0.00000
1153	0.99577	0.00000	0.00000	0.00001	0.00422	0.00000
1154	0.99678	0.00000	0.00000	0.00001	0.00321	0.00000
1155	0.99037	0.00000	0.00000	0.00006	0.00957	0.00000
1156	0.00000	0.00000	0.98522	0.00454	0.00228	0.00796
1157	0.98869	0.00000	0.00000	0.00009	0.01122	0.00000
1158	0.99521	0.00000	0.00000	0.00002	0.00477	0.00000
1159	0.99493	0.00000	0.00000	0.00002	0.00505	0.00000
1160	0.99249	0.00000	0.00000	0.00004	0.00747	0.00000
1161	0.00000	0.00000	0.00000	0.09498	0.90502	0.00000
1162	0.85617	0.00000	0.00000	0.00200	0.14182	0.00000
1163	0.00000	0.00000	0.05493	0.26819	0.00035	0.67653
1164	0.00000	0.00001	0.00000	0.11187	0.00000	0.88813
1165	0.00000	0.00000	0.93463	0.01430	0.00230	0.04876
1166	0.00000	0.00000	0.93741	0.01454	0.00213	0.04592
1167	0.84339	0.00000	0.00000	0.00206	0.15456	0.00000
1168	0.00000	0.00203	0.00115	0.16644	0.00002	0.83036
1169	0.00000	0.00002	0.00000	0.78237	0.00000	0.21761
1170	0.00000	0.00000	0.92026	0.02978	0.03295	0.01702
1171	0.00000	0.00000	0.43635	0.19117	0.37018	0.00231
1172	0.00000	0.00000	0.01207	0.11756	0.00005	0.87033
1173	0.00000	0.00000	0.00000	0.29135	0.70865	0.00000
1174	0.00000	0.00000	0.00002	0.21961	0.78037	0.00000
1175	0.98399	0.00000	0.00000	0.00013	0.01589	0.00000
1176	0.00000	0.00000	0.05880	0.52421	0.41540	0.00159
1177	0.00000	0.00000	0.17512	0.32144	0.49301	0.01043
1178	0.00001	0.00000	0.00000	0.05961	0.94038	0.00000
1179	0.00000	0.00000	0.00000	0.99613	0.00000	0.00387
1180	0.00000	0.00000	0.00000	0.06525	0.93475	0.00000
1181	0.00000	0.00000	0.00000	0.99867	0.00002	0.00130
1182	0.00000	0.00000	0.00000	1.00000	0.00000	0.00000
1183	0.99555	0.00000	0.00000	0.00002	0.00443	0.00000
1184	0.99264	0.00000	0.00000	0.00004	0.00732	0.00000
1185	0.11255	0.00000	0.00035	0.08206	0.80504	0.00001
1186	0.98467	0.00000	0.00000	0.00012	0.01521	0.00000
1187	0.98482	0.00000	0.00000	0.00007	0.01511	0.00000
1188	0.91186	0.00000	0.00000	0.00066	0.08747	0.00000
1189	0.97869	0.00000	0.00000	0.00007	0.02124	0.00000
1190	0.00000	0.00000	0.00000	0.01691	0.98309	0.00000
1191	0.00000	0.00000	0.00000	0.94331	0.05669	0.00000
1192	0.99256	0.00000	0.00000	0.00005	0.00740	0.00000
1193	0.00000	0.00000	0.02762	0.27397	0.69819	0.00022
1194	0.00105	0.00000	0.00000	0.01466	0.98430	0.00000
1195	0.00000	0.00000	0.00570	0.54619	0.00031	0.44780
1196	0.00000	0.00016	0.00000	0.01797	0.00000	0.98188
1197	0.99553	0.00000	0.00000	0.00002	0.00445	0.00000
1198	0.00000	0.00000	0.00137	0.19600	0.80263	0.00001
1199	0.00099	0.00000	0.00000	0.00356	0.99545	0.00000
1200	0.98927	0.00000	0.00000	0.00005	0.01068	0.00000
1201	0.00000	0.00000	0.51997	0.12719	0.00678	0.34605
1202	0.00000	0.00000	0.00035	0.99488	0.00147	0.00329
1203	0.00000	0.00000	0.00018	0.99471	0.00282	0.00228
1204	0.00000	0.00000	0.19781	0.66458	0.12389	0.01373
1205	0.99602	0.00000	0.00000	0.00001	0.00397	0.00000
1206	0.00000	0.00001	0.00000	0.09753	0.00000	0.90247
1207	0.96577	0.00000	0.00000	0.00027	0.03396	0.00000
1208	0.00000	0.00000	0.98094	0.00684	0.00482	0.00740
1209	0.00000	0.00000	0.95345	0.01826	0.01022	0.01807
1210	0.00000	0.00000	0.98257	0.00637	0.00400	0.00706
1211	0.00000	0.64243	0.00000	0.00917	0.00000	0.34840
1212	0.00000	0.00000	0.87647	0.04583	0.00792	0.06978
1213	0.00000	0.95063	0.00000	0.00036	0.00000	0.04901
1214	0.00000	0.00000	0.70472	0.12114	0.17050	0.00364
1215	0.97413	0.00000	0.00000	0.00020	0.02567	0.00000
1216	0.00000	0.00000	0.93350	0.02130	0.01387	0.03133
1217	0.00000	0.00000	0.11597	0.45395	0.42328	0.00680
1218	0.00000	0.00000	0.99103	0.00314	0.00422	0.00162
1219	0.00000	0.00000	0.00441	0.05824	0.93734	0.00001
1220	0.08130	0.00000	0.00000	0.04371	0.87498	0.00000
1221	0.00000	0.00000	0.97020	0.01109	0.00354	0.01518
1222	0.00000	0.99850	0.00000	0.00000	0.00000	0.00150
1223	0.00000	0.00000	0.96918	0.01142	0.01526	0.00415
1224	0.00000	0.00000	0.86985	0.06208	0.01861	0.04947
1225	0.00000	0.00000	0.98828	0.00428	0.00396	0.00348
1226	0.00000	0.00000	0.98828	0.00428	0.00396	0.00348
1227	0.00000	0.00000	0.98160	0.00707	0.00358	0.00775
1228	0.00000	0.00000	0.81919	0.10164	0.07361	0.00556
1229	0.00000	0.00000	0.99036	0.00344	0.00367	0.00253
1230	0.00000	0.00000	0.00800	0.19257	0.79939	0.00004
1231	0.00000	0.00000	0.00183	0.07353	0.92464	0.00000
1232	0.98194	0.00000	0.00000	0.00008	0.01798	0.00000
1233	0.00000	0.00000	0.97107	0.00780	0.01980	0.00133
1234	0.00000	0.00000	0.94891	0.01243	0.03711	0.00154
1235	0.98647	0.00000	0.00000	0.00005	0.01348	0.00000
1236	0.96864	0.00000	0.00000	0.00027	0.03110	0.00000
1237	0.99244	0.00000	0.00000	0.00003	0.00753	0.00000
1238	0.99768	0.00000	0.00000	0.00000	0.00232	0.00000
1239	0.00000	0.00000	0.00000	0.05719	0.94281	0.00000
1240	0.99791	0.00000	0.00000	0.00000	0.00209	0.00000
1241	0.94671	0.00000	0.00000	0.00020	0.05309	0.00000
1242	0.95548	0.00000	0.00000	0.00032	0.04420	0.00000
1243	0.97167	0.00000	0.00000	0.00008	0.02825	0.00000
1244	0.89556	0.00000	0.00000	0.00065	0.10379	0.00000
1245	0.99402	0.00000	0.00000	0.00003	0.00595	0.00000
1246	0.89556	0.00000	0.00000	0.00065	0.10379	0.00000
1247	0.97316	0.00000	0.00000	0.00019	0.02664	0.00000
1248	0.97316	0.00000	0.00000	0.00019	0.02664	0.00000
1249	0.00000	0.00000	0.92749	0.01422	0.00156	0.05673
1250	0.75037	0.00000	0.00000	0.00714	0.24249	0.00000
1251	0.95506	0.00000	0.00000	0.00060	0.04434	0.00000
1252	0.99890	0.00000	0.00000	0.00000	0.00110	0.00000
1253	0.00000	0.00000	0.92749	0.01422	0.00156	0.05673
1254	0.00000	0.99661	0.00000	0.00001	0.00000	0.00338
1255	0.99611	0.00000	0.00000	0.00001	0.00388	0.00000
1256	0.00000	0.00000	0.99371	0.00199	0.00093	0.00336
1257	0.99157	0.00000	0.00000	0.00005	0.00838	0.00000
1258	0.99043	0.00000	0.00000	0.00003	0.00954	0.00000
1259	0.99750	0.00000	0.00000	0.00000	0.00249	0.00000
1260	0.00000	0.00000	0.05371	0.13836	0.00009	0.80784
1261	0.00000	0.99923	0.00000	0.00000	0.00000	0.00077
1262	0.99906	0.00000	0.00000	0.00000	0.00094	0.00000
1263	0.99652	0.00000	0.00000	0.00001	0.00347	0.00000
1264	0.98642	0.00000	0.00000	0.00005	0.01353	0.00000
1265	0.99694	0.00000	0.00000	0.00001	0.00305	0.00000
1266	0.99906	0.00000	0.00000	0.00000	0.00094	0.00000
1267	0.99643	0.00000	0.00000	0.00001	0.00357	0.00000
1268	0.97316	0.00000	0.00000	0.00019	0.02664	0.00000
1269	0.99437	0.00000	0.00000	0.00003	0.00560	0.00000
1270	0.00000	0.00000	0.00112	0.13210	0.86677	0.00001
1271	0.99875	0.00000	0.00000	0.00000	0.00125	0.00000
1272	0.99620	0.00000	0.00000	0.00001	0.00379	0.00000
1273	0.00000	0.00544	0.00115	0.60017	0.00038	0.39286
1274	0.00000	0.00000	0.90650	0.03317	0.00578	0.05455
1275	0.00000	0.00000	0.98470	0.00570	0.00501	0.00459
1276	0.99838	0.00000	0.00000	0.00000	0.00162	0.00000
1277	0.00000	0.00000	0.98406	0.00589	0.00302	0.00702
1278	0.00000	0.00000	0.92750	0.02300	0.01051	0.03899
1279	0.96283	0.00000	0.00000	0.00037	0.03680	0.00000
1280	0.96283	0.00000	0.00000	0.00037	0.03680	0.00000
1281	0.00000	0.00000	0.00019	0.05377	0.94603	0.00000
1282	0.98800	0.00000	0.00000	0.00004	0.01196	0.00000
1283	0.00000	0.00000	0.92749	0.01422	0.00156	0.05673
1284	0.99503	0.00000	0.00000	0.00001	0.00496	0.00000
1285	0.00000	0.00000	0.97846	0.00511	0.00090	0.01553
1286	0.64761	0.00000	0.00000	0.00175	0.35064	0.00000
1287	0.00000	0.00000	0.97846	0.00511	0.00090	0.01553
1288	0.98794	0.00000	0.00000	0.00012	0.01193	0.00000
1289	0.99694	0.00000	0.00000	0.00001	0.00305	0.00000
1290	0.00000	0.00000	0.97959	0.00728	0.00781	0.00532
1291	0.00000	0.00000	0.89131	0.05370	0.03488	0.02011
1292	0.00000	0.00000	0.89131	0.05370	0.03488	0.02011
1293	0.00000	0.00000	0.95691	0.01616	0.00843	0.01850
1294	0.00000	0.00000	0.03480	0.30182	0.00037	0.66302
1295	0.99524	0.00000	0.00000	0.00002	0.00474	0.00000
1296	0.99111	0.00000	0.00000	0.00002	0.00886	0.00000
1297	0.00000	0.00000	0.75535	0.13819	0.07229	0.03418
1298	0.00000	0.00000	0.68825	0.05411	0.00183	0.25581
1299	0.99453	0.00000	0.00000	0.00003	0.00545	0.00000
1300	0.97623	0.00000	0.00000	0.00018	0.02360	0.00000
1301	0.00000	0.00000	0.96866	0.01158	0.00595	0.01380
1302	0.98854	0.00000	0.00000	0.00004	0.01143	0.00000
1303	0.00000	0.00000	0.88381	0.04971	0.05288	0.01360
1304	0.97649	0.00000	0.00000	0.00009	0.02342	0.00000
1305	0.00000	0.00000	0.38573	0.19471	0.41762	0.00193
1306	0.98924	0.00000	0.00000	0.00003	0.01073	0.00000
1307	0.99591	0.00000	0.00000	0.00001	0.00408	0.00000
1308	0.98642	0.00000	0.00000	0.00005	0.01353	0.00000
1309	0.00000	0.00000	0.00127	0.29456	0.00002	0.70415
1310	0.00000	0.00000	0.00245	0.98450	0.00370	0.00934
1311	0.00000	0.00007	0.00000	0.10742	0.00000	0.89250
1312	0.00000	0.00000	0.96224	0.00743	0.00082	0.02952
1313	0.00000	0.00000	0.90550	0.01651	0.00152	0.07647
1314	0.99722	0.00000	0.00000	0.00001	0.00277	0.00000
1315	0.99694	0.00000	0.00000	0.00001	0.00305	0.00000
1316	0.00000	0.00000	0.97846	0.00511	0.00090	0.01553
1317	0.99503	0.00000	0.00000	0.00001	0.00496	0.00000
1318	0.00000	0.00000	0.00000	0.23172	0.76828	0.00000
1319	0.00000	0.00000	0.00000	0.04793	0.95207	0.00000
1320	0.99788	0.00000	0.00000	0.00000	0.00212	0.00000
1321	0.00000	0.00000	0.14704	0.21090	0.64050	0.00155
1322	0.99132	0.00000	0.00000	0.00002	0.00866	0.00000
1323	0.00000	0.00000	0.00000	0.93084	0.06916	0.00000
1324	0.96324	0.00000	0.00000	0.00045	0.03632	0.00000
1325	0.99235	0.00000	0.00000	0.00005	0.00760	0.00000
1326	0.00000	0.00000	0.00000	0.99369	0.00631	0.00000
1327	0.98800	0.00000	0.00000	0.00004	0.01196	0.00000
1328	0.92861	0.00000	0.00000	0.00132	0.07007	0.00000
1329	0.99651	0.00000	0.00000	0.00001	0.00348	0.00000
1330	0.98904	0.00000	0.00000	0.00010	0.01087	0.00000
1331	0.99192	0.00000	0.00000	0.00005	0.00803	0.00000
1332	0.98957	0.00000	0.00000	0.00007	0.01036	0.00000
1333	0.98025	0.00000	0.00000	0.00005	0.01971	0.00000
1334	0.99832	0.00000	0.00000	0.00000	0.00168	0.00000
1335	0.99406	0.00000	0.00000	0.00002	0.00592	0.00000
1336	0.99694	0.00000	0.00000	0.00001	0.00305	0.00000
1337	0.99694	0.00000	0.00000	0.00001	0.00305	0.00000
1338	0.98840	0.00000	0.00000	0.00011	0.01149	0.00000
1339	0.00000	0.00000	0.90296	0.02458	0.00484	0.06763
1340	0.00000	0.00000	0.90550	0.01651	0.00152	0.07647
1341	0.99582	0.00000	0.00000	0.00002	0.00417	0.00000
1342	0.99433	0.00000	0.00000	0.00002	0.00565	0.00000
1343	0.00000	0.00000	0.90296	0.02458	0.00484	0.06763
1344	0.88560	0.00000	0.00000	0.00173	0.11266	0.00000
1345	0.99226	0.00000	0.00000	0.00005	0.00769	0.00000
1346	0.00000	0.00000	0.96253	0.01306	0.01175	0.01266
1347	0.00000	0.00002	0.00000	0.07831	0.00000	0.92167
1348	0.99219	0.00000	0.00000	0.00006	0.00775	0.00000
1349	0.99000	0.00000	0.00000	0.00009	0.00991	0.00000
1350	0.97815	0.00000	0.00000	0.00039	0.02146	0.00000
1351	0.97128	0.00000	0.00000	0.00067	0.02804	0.00000
1352	0.99672	0.00000	0.00000	0.00001	0.00327	0.00000
1353	0.98800	0.00000	0.00000	0.00004	0.01196	0.00000
1354	0.99611	0.00000	0.00000	0.00001	0.00388	0.00000
1355	0.99633	0.00000	0.00000	0.00001	0.00366	0.00000
1356	0.99690	0.00000	0.00000	0.00001	0.00309	0.00000
1357	0.98643	0.00000	0.00000	0.00005	0.01352	0.00000
1358	0.00024	0.00000	0.00000	0.97969	0.02007	0.00000
1359	0.99611	0.00000	0.00000	0.00001	0.00388	0.00000
1360	0.99726	0.00000	0.00000	0.00001	0.00273	0.00000
1361	0.99611	0.00000	0.00000	0.00001	0.00388	0.00000
1362	0.99875	0.00000	0.00000	0.00000	0.00125	0.00000
1363	0.00000	0.00000	0.95453	0.01862	0.01847	0.00837
1364	0.00000	0.00000	0.99320	0.00249	0.00230	0.00200
1365	0.00000	0.00002	0.00000	0.99789	0.00000	0.00208
1366	0.99287	0.00000	0.00000	0.00003	0.00710	0.00000
1367	0.00000	0.00000	0.99179	0.00277	0.00184	0.00360
1368	0.00000	0.00000	0.99395	0.00197	0.00101	0.00307
1369	0.00000	0.00000	0.98753	0.00395	0.00185	0.00667
1370	0.99823	0.00000	0.00000	0.00000	0.00176	0.00000
1371	0.00000	0.00000	0.00127	0.29456	0.00002	0.70415
1372	0.00000	0.00000	0.98416	0.00587	0.00643	0.00354
1373	0.00000	0.00000	0.97846	0.00511	0.00090	0.01553
1374	0.00000	0.00000	0.97846	0.00511	0.00090	0.01553
1375	0.00000	0.98838	0.00000	0.00003	0.00000	0.01159
1376	0.00000	0.00000	0.99371	0.00199	0.00093	0.00336
1377	0.00000	0.00000	0.00000	0.01844	0.00000	0.98156
1378	0.98438	0.00000	0.00000	0.00017	0.01546	0.00000
1379	0.99384	0.00000	0.00000	0.00002	0.00614	0.00000
1380	0.99531	0.00000	0.00000	0.00001	0.00468	0.00000
1381	0.99849	0.00000	0.00000	0.00000	0.00151	0.00000
1382	0.96153	0.00000	0.00000	0.00059	0.03789	0.00000
1383	0.99142	0.00000	0.00000	0.00006	0.00852	0.00000
1384	0.99697	0.00000	0.00000	0.00001	0.00303	0.00000
1385	0.99356	0.00000	0.00000	0.00004	0.00640	0.00000
1386	0.99332	0.00000	0.00000	0.00004	0.00664	0.00000
1387	0.99627	0.00000	0.00000	0.00001	0.00372	0.00000
1388	0.94256	0.00000	0.00000	0.00064	0.05681	0.00000
1389	0.98359	0.00000	0.00000	0.00019	0.01622	0.00000
1390	0.00000	0.00000	0.98003	0.00747	0.00724	0.00526
1391	0.00000	0.00000	0.00022	0.65943	0.00002	0.34034
1392	0.99816	0.00000	0.00000	0.00000	0.00184	0.00000
1393	0.98067	0.00000	0.00000	0.00009	0.01925	0.00000
1394	0.00000	0.00000	0.00048	0.08495	0.00000	0.91458
1395	0.99646	0.00000	0.00000	0.00001	0.00353	0.00000
1396	0.99665	0.00000	0.00000	0.00001	0.00334	0.00000
1397	0.99930	0.00000	0.00000	0.00000	0.00070	0.00000
1398	0.00387	0.00000	0.00000	0.02158	0.97455	0.00000
1399	0.99082	0.00000	0.00000	0.00002	0.00915	0.00000
1400	0.00000	0.00000	0.21993	0.67935	0.00528	0.09544
1401	0.00000	0.00000	0.95809	0.01581	0.01144	0.01465
1402	0.00000	0.00000	0.97157	0.01043	0.00534	0.01265
1403	0.00000	0.99335	0.00000	0.00004	0.00000	0.00661
1404	0.00000	0.99192	0.00000	0.00005	0.00000	0.00803
1405	0.00000	0.00000	0.00000	0.07795	0.92205	0.00000
1406	0.99683	0.00000	0.00000	0.00001	0.00316	0.00000
1407	0.00000	0.99550	0.00000	0.00001	0.00000	0.00449
1408	0.99095	0.00000	0.00000	0.00003	0.00903	0.00000
1409	0.00000	0.00000	0.98052	0.00901	0.00601	0.00447
1410	0.99124	0.00000	0.00000	0.00005	0.00871	0.00000
1411	0.93615	0.00000	0.00000	0.00021	0.06364	0.00000
1412	0.99906	0.00000	0.00000	0.00000	0.00094	0.00000
1413	0.99781	0.00000	0.00000	0.00000	0.00218	0.00000
1414	0.93615	0.00000	0.00000	0.00021	0.06364	0.00000
1415	0.99906	0.00000	0.00000	0.00000	0.00094	0.00000
1416	0.99781	0.00000	0.00000	0.00000	0.00218	0.00000
1417	0.75037	0.00000	0.00000	0.00714	0.24249	0.00000
1418	0.68769	0.00000	0.00000	0.00606	0.30625	0.00000
1419	0.99751	0.00000	0.00000	0.00000	0.00248	0.00000
1420	0.99846	0.00000	0.00000	0.00000	0.00154	0.00000
1421	0.97854	0.00000	0.00000	0.00007	0.02139	0.00000
1422	0.99194	0.00000	0.00000	0.00002	0.00804	0.00000
1423	0.97865	0.00000	0.00000	0.00008	0.02127	0.00000
1424	0.99501	0.00000	0.00000	0.00002	0.00498	0.00000
1425	0.99019	0.00000	0.00000	0.00006	0.00975	0.00000
1426	0.99615	0.00000	0.00000	0.00001	0.00384	0.00000
1427	0.99698	0.00000	0.00000	0.00001	0.00301	0.00000
1428	0.99395	0.00000	0.00000	0.00003	0.00602	0.00000
1429	0.98817	0.00000	0.00000	0.00004	0.01179	0.00000
1430	0.98181	0.00000	0.00000	0.00032	0.01787	0.00000
1431	0.98485	0.00000	0.00000	0.00018	0.01497	0.00000
1432	0.00000	0.99762	0.00000	0.00000	0.00000	0.00238
1433	0.00000	0.98866	0.00000	0.00003	0.00000	0.01130
1434	0.00000	0.98866	0.00000	0.00003	0.00000	0.01130
1435	0.00000	0.98866	0.00000	0.00003	0.00000	0.01130
1436	0.00000	0.99762	0.00000	0.00000	0.00000	0.00238
1437	0.00000	0.99125	0.00000	0.00005	0.00000	0.00870
1438	0.00000	0.76750	0.00000	0.00403	0.00000	0.22847
1439	0.00000	0.98505	0.00000	0.00004	0.00000	0.01492
1440	0.00000	0.99713	0.00000	0.00001	0.00000	0.00286
1441	0.00000	0.97014	0.00000	0.00063	0.00000	0.02923
1442	0.00000	0.92411	0.00000	0.00029	0.00000	0.07559
1443	0.00000	0.41082	0.00000	0.04290	0.00000	0.54628
1444	0.00000	0.56475	0.00000	0.00853	0.00000	0.42671
1445	0.00000	0.65336	0.00000	0.00228	0.00000	0.34436
1446	0.00000	0.79627	0.00000	0.00169	0.00000	0.20204
1447	0.00000	0.89654	0.00000	0.00085	0.00000	0.10262
1448	0.00000	0.99813	0.00000	0.00000	0.00000	0.00187
1449	0.00000	0.99893	0.00000	0.00000	0.00000	0.00107
1450	0.00000	0.99553	0.00000	0.00002	0.00000	0.00445
1451	0.00000	0.99563	0.00000	0.00002	0.00000	0.00436
1452	0.00000	0.99673	0.00000	0.00001	0.00000	0.00326
1453	0.00000	0.99893	0.00000	0.00000	0.00000	0.00107
1454	0.00000	0.99922	0.00000	0.00000	0.00000	0.00078
1455	0.00000	0.99579	0.00000	0.00001	0.00000	0.00420
1456	0.00000	0.99579	0.00000	0.00001	0.00000	0.00420
1457	0.00000	0.99748	0.00000	0.00000	0.00000	0.00252
1458	0.00000	0.99748	0.00000	0.00000	0.00000	0.00252
1459	0.00000	0.99129	0.00000	0.00003	0.00000	0.00868
1460	0.00000	0.99129	0.00000	0.00003	0.00000	0.00868
1461	0.00000	0.99431	0.00000	0.00002	0.00000	0.00567
1462	0.00000	0.99710	0.00000	0.00001	0.00000	0.00289
1463	0.00000	0.94208	0.00000	0.00049	0.00000	0.05743
1464	0.00000	0.99570	0.00000	0.00001	0.00000	0.00429
1465	0.00000	0.92985	0.00000	0.00082	0.00000	0.06933
1466	0.00000	0.99588	0.00000	0.00001	0.00000	0.00410
1467	0.00000	0.99550	0.00000	0.00001	0.00000	0.00449
1468	0.00000	0.95143	0.00000	0.00031	0.00000	0.04826
1469	0.00000	0.99490	0.00000	0.00002	0.00000	0.00508
1470	0.00000	0.95974	0.00000	0.00020	0.00000	0.04006
1471	0.00000	0.99708	0.00000	0.00000	0.00000	0.00292
1472	0.00000	0.99748	0.00000	0.00000	0.00000	0.00252
1473	0.00000	0.99579	0.00000	0.00001	0.00000	0.00420
1474	0.00000	0.99893	0.00000	0.00000	0.00000	0.00107
1475	0.00000	0.97828	0.00000	0.00043	0.00000	0.02129
1476	0.00000	0.99012	0.00000	0.00004	0.00000	0.00984
1477	0.00000	0.99048	0.00000	0.00003	0.00000	0.00949
1478	0.00000	0.97429	0.00000	0.00042	0.00000	0.02529
1479	0.00000	0.31062	0.00000	0.00907	0.00000	0.68030
1480	0.00000	0.86229	0.00000	0.00334	0.00000	0.13437
1481	0.00000	0.98301	0.00000	0.00021	0.00000	0.01678
1482	0.00000	0.99647	0.00000	0.00001	0.00000	0.00353
1483	0.00000	0.99891	0.00000	0.00000	0.00000	0.00109
1484	0.00000	0.98743	0.00000	0.00010	0.00000	0.01246
1485	0.00000	0.99762	0.00000	0.00000	0.00000	0.00238
1486	0.00000	0.99762	0.00000	0.00000	0.00000	0.00238
1487	0.00000	0.87047	0.00000	0.00260	0.00000	0.12693
1488	0.00000	0.99867	0.00000	0.00000	0.00000	0.00133
1489	0.00000	0.99127	0.00000	0.00002	0.00000	0.00871
1490	0.00000	0.99816	0.00000	0.00000	0.00000	0.00184
1491	0.00000	0.98620	0.00000	0.00012	0.00000	0.01368
1492	0.00000	0.99762	0.00000	0.00000	0.00000	0.00238
1493	0.00000	0.99549	0.00000	0.00001	0.00000	0.00450
1494	0.00000	0.98950	0.00000	0.00004	0.00000	0.01046
1495	0.00000	0.98866	0.00000	0.00003	0.00000	0.01130
1496	0.00000	0.99638	0.00000	0.00001	0.00000	0.00361
1497	0.00000	0.98781	0.00000	0.00009	0.00000	0.01210
1498	0.00000	0.99823	0.00000	0.00000	0.00000	0.00177
1499	0.00000	0.99708	0.00000	0.00000	0.00000	0.00292
1500	0.00000	0.99708	0.00000	0.00000	0.00000	0.00292
1501	0.00000	0.99148	0.00000	0.00003	0.00000	0.00849
1502	0.00000	0.99762	0.00000	0.00000	0.00000	0.00238
1503	0.00000	0.98511	0.00000	0.00010	0.00000	0.01480
1504	0.00000	0.98620	0.00000	0.00012	0.00000	0.01368
1505	0.00000	0.99579	0.00000	0.00001	0.00000	0.00420
1506	0.00000	0.99730	0.00000	0.00001	0.00000	0.00270
1507	0.00000	0.99502	0.00000	0.00002	0.00000	0.00497
1508	0.00000	0.98110	0.00000	0.00017	0.00000	0.01873
1509	0.00000	0.99501	0.00000	0.00001	0.00000	0.00498
1510	0.00000	0.97574	0.00000	0.00029	0.00000	0.02397
1511	0.00000	0.99436	0.00000	0.00002	0.00000	0.00562
1512	0.00000	0.98866	0.00000	0.00003	0.00000	0.01130
1513	0.00000	0.99376	0.00000	0.00002	0.00000	0.00621
1514	0.00000	0.99497	0.00000	0.00002	0.00000	0.00501
1515	0.00000	0.99530	0.00000	0.00002	0.00000	0.00468
1516	0.00000	0.99129	0.00000	0.00003	0.00000	0.00868
1517	0.00000	0.98826	0.00000	0.00006	0.00000	0.01168
1518	0.00000	0.99187	0.00000	0.00005	0.00000	0.00808
1519	0.00000	0.99748	0.00000	0.00000	0.00000	0.00252
1520	0.00000	0.72740	0.00000	0.00818	0.00000	0.26442
1521	0.00000	0.99748	0.00000	0.00000	0.00000	0.00252
1522	0.00000	0.98952	0.00000	0.00007	0.00000	0.01041
1523	0.00000	0.99893	0.00000	0.00000	0.00000	0.00107
1524	0.00000	0.98870	0.00000	0.00004	0.00000	0.01126
1525	0.00000	0.36135	0.00000	0.11424	0.00000	0.52441
1526	0.00000	0.99873	0.00000	0.00000	0.00000	0.00126
1527	0.00000	0.98562	0.00000	0.00006	0.00000	0.01431
1528	0.00000	0.98978	0.00000	0.00010	0.00000	0.01011
1529	0.00000	0.98713	0.00000	0.00008	0.00000	0.01279
1530	0.00000	0.76668	0.00000	0.00524	0.00000	0.22807
1531	0.00000	0.99706	0.00000	0.00001	0.00000	0.00293
1532	0.00000	0.99743	0.00000	0.00000	0.00000	0.00257
1533	0.00000	0.99588	0.00000	0.00002	0.00000	0.00410
1534	0.00000	0.99191	0.00000	0.00004	0.00000	0.00805
1535	0.00000	0.98554	0.00000	0.00014	0.00000	0.01432
1536	0.00000	0.98915	0.00000	0.00007	0.00000	0.01078
1537	0.00000	0.84895	0.00000	0.00282	0.00000	0.14823
1538	0.00000	0.99501	0.00000	0.00001	0.00000	0.00498
1539	0.00000	0.99436	0.00000	0.00002	0.00000	0.00562
1540	0.00000	0.98866	0.00000	0.00003	0.00000	0.01130
1541	0.00000	0.99040	0.00000	0.00002	0.00000	0.00957
1542	0.00000	0.99661	0.00000	0.00001	0.00000	0.00338
1543	0.00000	0.99893	0.00000	0.00000	0.00000	0.00107
1544	0.00000	0.99762	0.00000	0.00000	0.00000	0.00238
1545	0.00000	0.99708	0.00000	0.00000	0.00000	0.00292
1546	0.00000	0.99659	0.00000	0.00001	0.00000	0.00340
1547	0.00000	0.97048	0.00000	0.00038	0.00000	0.02914
1548	0.00000	0.99661	0.00000	0.00001	0.00000	0.00338
1549	0.00000	0.99659	0.00000	0.00001	0.00000	0.00340
1550	0.00000	0.99054	0.00000	0.00004	0.00000	0.00942
1551	0.00000	0.99748	0.00000	0.00000	0.00000	0.00252
1552	0.00000	0.96769	0.00000	0.00010	0.00000	0.03221
1553	0.00000	0.97574	0.00000	0.00029	0.00000	0.02397
1554	0.00000	0.99530	0.00000	0.00002	0.00000	0.00468
1555	0.00000	0.99893	0.00000	0.00000	0.00000	0.00107
1556	0.00000	0.99708	0.00000	0.00000	0.00000	0.00292
1557	0.00000	0.99661	0.00000	0.00001	0.00000	0.00338
1558	0.00000	0.99661	0.00000	0.00001	0.00000	0.00338
1559	0.00000	0.98511	0.00000	0.00010	0.00000	0.01480
1560	0.00000	0.99661	0.00000	0.00001	0.00000	0.00338
1561	0.00000	0.98834	0.00000	0.00013	0.00000	0.01153
1562	0.00000	0.34104	0.00000	0.00503	0.00000	0.65394
1563	0.00000	0.99661	0.00000	0.00001	0.00000	0.00338
1564	0.00000	0.99876	0.00000	0.00000	0.00000	0.00124
1565	0.00000	0.99579	0.00000	0.00001	0.00000	0.00420
1566	0.00000	0.98511	0.00000	0.00010	0.00000	0.01480
1567	0.00000	0.98870	0.00000	0.00004	0.00000	0.01126
1568	0.00000	0.99661	0.00000	0.00001	0.00000	0.00338
1569	0.00000	0.99436	0.00000	0.00002	0.00000	0.00562
1570	0.00000	0.99575	0.00000	0.00001	0.00000	0.00424
1571	0.00000	0.99659	0.00000	0.00001	0.00000	0.00340
1572	0.00000	0.99592	0.00000	0.00001	0.00000	0.00406
1573	0.00000	0.99708	0.00000	0.00000	0.00000	0.00292
1574	0.00000	0.98870	0.00000	0.00004	0.00000	0.01126
1575	0.00000	0.99748	0.00000	0.00000	0.00000	0.00252
1576	0.00000	0.99747	0.00000	0.00000	0.00000	0.00253
1577	0.00000	0.99893	0.00000	0.00000	0.00000	0.00107
1578	0.00000	0.98866	0.00000	0.00003	0.00000	0.01130
1579	0.00000	0.99187	0.00000	0.00004	0.00000	0.00810
1580	0.00000	0.99661	0.00000	0.00001	0.00000	0.00338
1581	0.00000	0.99661	0.00000	0.00001	0.00000	0.00338
1582	0.00000	0.99762	0.00000	0.00000	0.00000	0.00238
1583	0.00000	0.99931	0.00000	0.00000	0.00000	0.00069
1584	0.00000	0.99876	0.00000	0.00000	0.00000	0.00124
1585	0.00000	0.99661	0.00000	0.00001	0.00000	0.00338
1586	0.00000	0.98511	0.00000	0.00010	0.00000	0.01480
1587	0.00000	0.99931	0.00000	0.00000	0.00000	0.00069
1588	0.00000	0.97719	0.00000	0.00031	0.00000	0.02249
1589	0.00000	0.99708	0.00000	0.00000	0.00000	0.00292
1590	0.00000	0.99748	0.00000	0.00000	0.00000	0.00252
1591	0.00000	0.99661	0.00000	0.00001	0.00000	0.00338
1592	0.00000	0.99129	0.00000	0.00003	0.00000	0.00868
1593	0.00000	0.99893	0.00000	0.00000	0.00000	0.00107
1594	0.00000	0.99762	0.00000	0.00000	0.00000	0.00238
1595	0.00000	0.99762	0.00000	0.00000	0.00000	0.00238
1596	0.00000	0.98511	0.00000	0.00010	0.00000	0.01480
1597	0.00000	0.99013	0.00000	0.00005	0.00000	0.00982
1598	0.00000	0.99847	0.00000	0.00000	0.00000	0.00153
1599	0.00000	0.98240	0.00000	0.00022	0.00000	0.01738
1600	0.00000	0.97143	0.00000	0.00039	0.00000	0.02819
1601	0.00000	0.97450	0.00000	0.00039	0.00000	0.02511
1602	0.00000	0.00000	0.96550	0.01184	0.00803	0.01463
1603	0.98840	0.00000	0.00000	0.00010	0.01150	0.00000
1604	0.97326	0.00000	0.00000	0.00050	0.02624	0.00000
1605	0.00000	0.00000	0.93345	0.01310	0.00088	0.05257
1606	0.99168	0.00000	0.00000	0.00002	0.00830	0.00000
1607	0.00000	0.00000	0.06397	0.50507	0.00057	0.43039
1608	0.96561	0.00000	0.00000	0.00035	0.03404	0.00000
1609	0.99806	0.00000	0.00000	0.00000	0.00194	0.00000
1610	0.99296	0.00000	0.00000	0.00001	0.00702	0.00000
1611	0.00000	0.00000	0.00215	0.68724	0.30960	0.00101
1612	0.91620	0.00000	0.00000	0.00018	0.08361	0.00000
1613	0.99738	0.00000	0.00000	0.00000	0.00261	0.00000
1614	0.99237	0.00000	0.00000	0.00002	0.00762	0.00000
1615	0.99618	0.00000	0.00000	0.00001	0.00381	0.00000
1616	0.93913	0.00000	0.00000	0.00168	0.05919	0.00000
1617	0.99546	0.00000	0.00000	0.00002	0.00452	0.00000
1618	0.00000	0.00000	0.98065	0.00617	0.01161	0.00157
1619	0.44659	0.00000	0.00000	0.00357	0.54984	0.00000
1620	0.00000	0.00000	0.92762	0.01826	0.05138	0.00275
1621	0.98490	0.00000	0.00000	0.00019	0.01492	0.00000
1622	0.99671	0.00000	0.00000	0.00001	0.00329	0.00000
1623	0.00000	0.00000	0.00000	0.08407	0.00000	0.91593
1624	0.99598	0.00000	0.00000	0.00001	0.00401	0.00000
1625	0.97189	0.00000	0.00000	0.00067	0.02745	0.00000
1626	0.58526	0.00000	0.00000	0.01199	0.40275	0.00000
1627	0.00000	0.00000	0.98836	0.00445	0.00388	0.00330
1628	0.00000	0.00000	0.96701	0.01140	0.00804	0.01356
1629	0.98312	0.00000	0.00000	0.00019	0.01669	0.00000
1630	0.00000	0.00000	0.00004	0.99469	0.00369	0.00157
1631	0.00000	0.00000	0.95378	0.01865	0.02087	0.00669
1632	0.99654	0.00000	0.00000	0.00001	0.00345	0.00000
1633	0.99641	0.00000	0.00000	0.00001	0.00358	0.00000
1634	0.00000	0.00000	0.00000	0.05351	0.94649	0.00000
1635	0.99638	0.00000	0.00000	0.00001	0.00361	0.00000
1636	0.81395	0.00000	0.00000	0.02719	0.15886	0.00000
1637	0.00711	0.00000	0.00000	0.31633	0.67656	0.00000
1638	0.87382	0.00000	0.00000	0.00222	0.12396	0.00000
1639	0.00000	0.00000	0.00009	0.10125	0.89865	0.00000
1640	0.00000	0.00000	0.70618	0.13043	0.15966	0.00372
1641	0.00000	0.00000	0.00000	0.04328	0.00000	0.95671
1642	0.00004	0.00000	0.02101	0.18251	0.79600	0.00044
1643	0.00000	0.00000	0.02821	0.45974	0.51173	0.00032
1644	0.00000	0.00000	0.00001	0.09897	0.00000	0.90102
1645	0.00000	0.00000	0.00209	0.98719	0.00821	0.00251
1646	0.99869	0.00000	0.00000	0.00000	0.00131	0.00000
1647	0.00006	0.00000	0.00000	0.21600	0.78393	0.00000
1648	0.00000	0.00000	0.00015	0.10752	0.89233	0.00000
1649	0.00000	0.00000	0.00788	0.91634	0.00208	0.07369
1650	0.96536	0.00000	0.00000	0.00028	0.03436	0.00000
1651	0.99712	0.00000	0.00000	0.00001	0.00288	0.00000
1652	0.00000	0.00000	0.90574	0.02816	0.06457	0.00153
1653	0.00000	0.00000	0.79218	0.12191	0.06809	0.01782
1654	0.00000	0.00000	0.19000	0.63422	0.00544	0.17034
1655	0.00000	0.00000	0.97890	0.00935	0.00621	0.00555
1656	0.00000	0.00000	0.99480	0.00180	0.00127	0.00212
1657	0.00000	0.00000	0.79220	0.06574	0.13662	0.00543
1658	0.00000	0.00000	0.27420	0.14756	0.57754	0.00070
1659	0.99466	0.00000	0.00000	0.00002	0.00532	0.00000
1660	0.96673	0.00000	0.00000	0.00046	0.03281	0.00000
1661	0.99384	0.00000	0.00000	0.00004	0.00612	0.00000
1662	0.99861	0.00000	0.00000	0.00000	0.00139	0.00000
1663	0.98528	0.00000	0.00000	0.00012	0.01459	0.00000
1664	0.14438	0.00000	0.00024	0.08360	0.77177	0.00000
1665	0.99124	0.00000	0.00000	0.00007	0.00869	0.00000
1666	0.99716	0.00000	0.00000	0.00000	0.00284	0.00000
1667	0.99807	0.00000	0.00000	0.00000	0.00192	0.00000
1668	0.99709	0.00000	0.00000	0.00001	0.00290	0.00000
1669	0.99590	0.00000	0.00000	0.00001	0.00409	0.00000
1670	0.97727	0.00000	0.00000	0.00020	0.02253	0.00000
1671	0.99821	0.00000	0.00000	0.00000	0.00179	0.00000
1672	0.99570	0.00000	0.00000	0.00001	0.00429	0.00000
1673	0.88516	0.00000	0.00000	0.00194	0.11290	0.00000
1674	0.98780	0.00000	0.00000	0.00004	0.01216	0.00000
1675	0.98637	0.00000	0.00000	0.00015	0.01349	0.00000
1676	0.99869	0.00000	0.00000	0.00000	0.00131	0.00000
1677	0.39612	0.00000	0.00000	0.01710	0.58679	0.00000
1678	0.98247	0.00000	0.00000	0.00025	0.01728	0.00000
1679	0.95705	0.00000	0.00000	0.00016	0.04278	0.00000
1680	0.61058	0.00000	0.00000	0.00414	0.38528	0.00000
1681	0.99035	0.00000	0.00000	0.00008	0.00957	0.00000
1682	0.99770	0.00000	0.00000	0.00000	0.00230	0.00000
1683	0.00000	0.99752	0.00000	0.00000	0.00000	0.00248
1684	0.00000	0.00000	0.00152	0.52772	0.00011	0.47065
1685	0.93367	0.00000	0.00000	0.00204	0.06429	0.00000
1686	0.95123	0.00000	0.00000	0.00072	0.04805	0.00000
1687	0.96082	0.00000	0.00000	0.00068	0.03849	0.00000
1688	0.00000	0.00000	0.17412	0.36075	0.46421	0.00092
1689	0.99851	0.00000	0.00000	0.00000	0.00148	0.00000
1690	0.98340	0.00000	0.00000	0.00023	0.01637	0.00000
1691	0.99735	0.00000	0.00000	0.00001	0.00264	0.00000
1692	0.98283	0.00000	0.00000	0.00002	0.01714	0.00000
1693	0.00000	0.00000	0.85717	0.05735	0.02620	0.05929
1694	0.99762	0.00000	0.00000	0.00000	0.00238	0.00000
1695	0.75269	0.00000	0.00000	0.00385	0.24345	0.00000
1696	0.99853	0.00000	0.00000	0.00000	0.00146	0.00000
1697	0.99687	0.00000	0.00000	0.00001	0.00312	0.00000
1698	0.99783	0.00000	0.00000	0.00000	0.00217	0.00000
1699	0.97982	0.00000	0.00000	0.00004	0.02014	0.00000
1700	0.95646	0.00000	0.00000	0.00026	0.04328	0.00000
1701	0.97981	0.00000	0.00000	0.00022	0.01997	0.00000
1702	0.95268	0.00000	0.00000	0.00017	0.04715	0.00000
1703	0.97989	0.00000	0.00000	0.00009	0.02001	0.00000
1704	0.95646	0.00000	0.00000	0.00026	0.04328	0.00000
1705	0.99162	0.00000	0.00000	0.00005	0.00833	0.00000
1706	0.99188	0.00000	0.00000	0.00005	0.00806	0.00000
1707	0.99143	0.00000	0.00000	0.00005	0.00852	0.00000
1708	0.73397	0.00000	0.00000	0.00900	0.25704	0.00000
1709	0.99724	0.00000	0.00000	0.00001	0.00275	0.00000
1710	0.99163	0.00000	0.00000	0.00006	0.00832	0.00000
1711	0.99892	0.00000	0.00000	0.00000	0.00107	0.00000
1712	0.99839	0.00000	0.00000	0.00000	0.00161	0.00000
1713	0.99719	0.00000	0.00000	0.00001	0.00280	0.00000
1714	0.99751	0.00000	0.00000	0.00001	0.00248	0.00000
1715	0.99794	0.00000	0.00000	0.00000	0.00205	0.00000
1716	0.98646	0.00000	0.00000	0.00006	0.01348	0.00000
1717	0.99772	0.00000	0.00000	0.00000	0.00228	0.00000
1718	0.29063	0.00000	0.00000	0.00556	0.70381	0.00000
1719	0.99606	0.00000	0.00000	0.00002	0.00393	0.00000
1720	0.99605	0.00000	0.00000	0.00001	0.00394	0.00000
1721	0.97753	0.00000	0.00000	0.00011	0.02236	0.00000
1722	0.99379	0.00000	0.00000	0.00001	0.00620	0.00000
1723	0.99647	0.00000	0.00000	0.00000	0.00353	0.00000
1724	0.98841	0.00000	0.00000	0.00009	0.01150	0.00000
1725	0.00000	0.00000	0.00003	0.04797	0.95200	0.00000
1726	0.00000	0.00000	0.98229	0.00655	0.00674	0.00442
1727	0.99774	0.00000	0.00000	0.00000	0.00225	0.00000
1728	0.99171	0.00000	0.00000	0.00007	0.00823	0.00000
1729	0.00000	0.00000	0.39514	0.34396	0.25680	0.00410
1730	0.99668	0.00000	0.00000	0.00001	0.00331	0.00000
1731	0.98109	0.00000	0.00000	0.00008	0.01882	0.00000
1732	0.98010	0.00000	0.00000	0.00009	0.01981	0.00000
1733	0.00000	0.00000	0.01746	0.13059	0.85190	0.00004
1734	0.94667	0.00000	0.00000	0.00071	0.05263	0.00000
1735	0.99519	0.00000	0.00000	0.00002	0.00480	0.00000
1736	0.97081	0.00000	0.00000	0.00055	0.02864	0.00000
1737	0.99342	0.00000	0.00000	0.00002	0.00655	0.00000
1738	0.00000	0.00000	0.90037	0.02131	0.00248	0.07584
1739	0.99446	0.00000	0.00000	0.00003	0.00552	0.00000
1740	0.99757	0.00000	0.00000	0.00000	0.00243	0.00000
1741	0.99759	0.00000	0.00000	0.00000	0.00241	0.00000
