UponCompletionOf_50000_sweeps
LocNumber LocName AlleleNumber AlleleName FreqInPop0 FreqInPop1 SDInPop0 SDinPop1
0	Locus_1	0	280	0.740677	0.320193	0.009084	0.020410
0	Locus_1	1	290	0.119493	0.005187	0.006663	0.003609
0	Locus_1	2	282	0.069016	0.025356	0.005235	0.007173
0	Locus_1	3	288	0.011274	0.000163	0.002153	0.000659
0	Locus_1	4	286	0.014629	0.000192	0.002462	0.000749
0	Locus_1	5	279	0.010448	0.000137	0.002070	0.000564
0	Locus_1	6	278	0.002730	0.505656	0.001148	0.021198
0	Locus_1	7	292	0.006699	0.000101	0.001663	0.000421
0	Locus_1	8	281	0.008799	0.000095	0.001911	0.000406
0	Locus_1	9	272	0.009671	0.010135	0.002252	0.005871
0	Locus_1	10	284	0.000917	0.117038	0.000652	0.013249
0	Locus_1	11	270	0.000497	0.010086	0.000492	0.004179
0	Locus_1	12	291	0.000440	0.000097	0.000429	0.000411
0	Locus_1	13	285	0.000441	0.000093	0.000431	0.000392
0	Locus_1	14	289	0.002949	0.000097	0.001102	0.000414
0	Locus_1	15	294	0.000858	0.000096	0.000595	0.000417
0	Locus_1	16	275	0.000440	0.000095	0.000429	0.000399
0	Locus_1	17	274	0.000023	0.005181	0.000095	0.002963
1	Locus_2	0	248	0.265612	0.000185	0.008419	0.000857
1	Locus_2	1	270	0.022615	0.000047	0.002850	0.000308
1	Locus_2	2	278	0.028446	0.000049	0.003170	0.000316
1	Locus_2	3	276	0.067432	0.000048	0.004773	0.000303
1	Locus_2	4	254	0.081283	0.000042	0.005241	0.000270
1	Locus_2	5	288	0.005582	0.001149	0.001428	0.001510
1	Locus_2	6	252	0.028086	0.000056	0.003159	0.000338
1	Locus_2	7	260	0.052504	0.000046	0.004277	0.000278
1	Locus_2	8	268	0.031342	0.000047	0.003332	0.000299
1	Locus_2	9	274	0.031726	0.000058	0.003352	0.000372
1	Locus_2	10	262	0.027344	0.000051	0.003125	0.000304
1	Locus_2	11	284	0.020789	0.000045	0.002713	0.000270
1	Locus_2	12	256	0.057846	0.005389	0.004460	0.003290
1	Locus_2	13	272	0.060831	0.000059	0.004560	0.000359
1	Locus_2	14	280	0.041187	0.000047	0.003795	0.000284
1	Locus_2	15	290	0.008032	0.000064	0.001708	0.000383
1	Locus_2	16	258	0.046397	0.001138	0.004015	0.002028
1	Locus_2	17	234	0.000011	0.577774	0.000071	0.019743
1	Locus_2	18	294	0.001464	0.000042	0.000729	0.000262
1	Locus_2	19	286	0.018574	0.000068	0.002581	0.000423
1	Locus_2	20	282	0.027681	0.000094	0.003117	0.000551
1	Locus_2	21	266	0.018575	0.000083	0.002582	0.000493
1	Locus_2	22	264	0.026978	0.000042	0.003097	0.000268
1	Locus_2	23	250	0.020774	0.000048	0.002728	0.000300
1	Locus_2	24	244	0.000743	0.001610	0.000525	0.001604
1	Locus_2	25	230	0.000010	0.231820	0.000063	0.016774
1	Locus_2	26	246	0.001103	0.000039	0.000636	0.000248
1	Locus_2	27	249	0.001482	0.171378	0.000755	0.014975
1	Locus_2	28	231	0.000011	0.006385	0.000068	0.003183
1	Locus_2	29	257	0.000374	0.000042	0.000370	0.000265
1	Locus_2	30	291	0.001466	0.000040	0.000733	0.000251
1	Locus_2	31	275	0.000376	0.000042	0.000371	0.000254
1	Locus_2	32	283	0.001104	0.000042	0.000637	0.000270
1	Locus_2	33	255	0.000374	0.000040	0.000370	0.000249
1	Locus_2	34	281	0.000371	0.000042	0.000366	0.000261
1	Locus_2	35	263	0.000375	0.000039	0.000372	0.000247
1	Locus_2	36	236	0.000423	0.001422	0.000417	0.001618
1	Locus_2	37	240	0.000367	0.000075	0.000367	0.000405
1	Locus_2	38	292	0.000309	0.000310	0.000364	0.000920
2	Locus_3	0	128	0.179345	0.074657	0.007338	0.011700
2	Locus_3	1	130	0.123756	0.031032	0.006293	0.007996
2	Locus_3	2	148	0.008378	0.010411	0.001740	0.004172
2	Locus_3	3	124	0.158078	0.026392	0.006981	0.007552
2	Locus_3	4	154	0.001834	0.012460	0.000819	0.004439
2	Locus_3	5	150	0.002983	0.026228	0.001114	0.006599
2	Locus_3	6	126	0.008453	0.197104	0.001771	0.015938
2	Locus_3	7	134	0.027147	0.041026	0.003232	0.008965
2	Locus_3	8	104	0.176109	0.014551	0.007288	0.006297
2	Locus_3	9	106	0.005010	0.000036	0.001333	0.000259
2	Locus_3	10	120	0.076466	0.026703	0.005087	0.007259
2	Locus_3	11	122	0.085098	0.000060	0.005269	0.000385
2	Locus_3	12	115	0.017038	0.021113	0.002579	0.006647
2	Locus_3	13	136	0.029485	0.057344	0.003265	0.009776
2	Locus_3	14	144	0.002163	0.045561	0.000881	0.008295
2	Locus_3	15	132	0.061125	0.136757	0.004659	0.014458
2	Locus_3	16	108	0.002142	0.000081	0.000878	0.000447
2	Locus_3	17	152	0.000759	0.023405	0.000538	0.006032
2	Locus_3	18	125	0.003219	0.000045	0.001069	0.000295
2	Locus_3	19	138	0.009255	0.041068	0.001955	0.008470
2	Locus_3	20	109	0.000363	0.000036	0.000361	0.000239
2	Locus_3	21	103	0.001082	0.000035	0.000625	0.000236
2	Locus_3	22	105	0.000364	0.000033	0.000360	0.000224
2	Locus_3	23	146	0.002235	0.007530	0.001034	0.004103
2	Locus_3	24	142	0.001124	0.020256	0.000646	0.005637
2	Locus_3	25	156	0.003541	0.078874	0.001170	0.010837
2	Locus_3	26	158	0.001790	0.000052	0.000799	0.000323
2	Locus_3	27	129	0.002926	0.004515	0.001107	0.003266
2	Locus_3	28	131	0.000360	0.001643	0.000368	0.001652
2	Locus_3	29	139	0.000360	0.000042	0.000359	0.000277
2	Locus_3	30	140	0.003128	0.019334	0.001094	0.005634
2	Locus_3	31	111	0.000009	0.014174	0.000056	0.004667
2	Locus_3	32	118	0.000774	0.006105	0.000550	0.003153
2	Locus_3	33	119	0.001389	0.000239	0.000714	0.000815
2	Locus_3	34	123	0.000725	0.000034	0.000508	0.000223
2	Locus_3	35	121	0.000721	0.000037	0.000510	0.000237
2	Locus_3	36	172	0.000008	0.009448	0.000055	0.003842
2	Locus_3	37	160	0.000008	0.037732	0.000057	0.007595
2	Locus_3	38	174	0.000008	0.003171	0.000054	0.002239
2	Locus_3	39	127	0.000059	0.002928	0.000231	0.002268
2	Locus_3	40	164	0.000296	0.003486	0.000375	0.002464
2	Locus_3	41	168	0.000018	0.001563	0.000099	0.001596
2	Locus_3	42	133	0.000008	0.001623	0.000053	0.001590
2	Locus_3	43	110	0.000135	0.001040	0.000281	0.001483
2	Locus_3	44	100	0.000723	0.000035	0.000508	0.000230
3	Locus_4	0	167	0.075542	0.000072	0.005096	0.000364
3	Locus_4	1	171	0.090184	0.000075	0.005551	0.000375
3	Locus_4	2	159	0.068376	0.000091	0.004859	0.000462
3	Locus_4	3	163	0.248382	0.000078	0.008359	0.000399
3	Locus_4	4	175	0.037964	0.000075	0.003706	0.000377
3	Locus_4	5	165	0.135982	0.000070	0.006632	0.000354
3	Locus_4	6	161	0.105604	0.000081	0.005985	0.000409
3	Locus_4	7	177	0.044340	0.000076	0.004007	0.000384
3	Locus_4	8	141	0.000202	0.940742	0.000417	0.009863
3	Locus_4	9	173	0.034938	0.000076	0.003564	0.000384
3	Locus_4	10	179	0.009779	0.000066	0.001903	0.000338
3	Locus_4	11	155	0.075523	0.000099	0.005124	0.000502
3	Locus_4	12	169	0.045127	0.000079	0.004013	0.000389
3	Locus_4	13	157	0.014654	0.000085	0.002323	0.000432
3	Locus_4	14	153	0.000771	0.001677	0.000540	0.001690
3	Locus_4	15	183	0.002606	0.000228	0.000996	0.000890
3	Locus_4	16	181	0.004798	0.000479	0.001374	0.001566
3	Locus_4	17	185	0.001826	0.000348	0.000847	0.001108
3	Locus_4	18	201	0.000085	0.001401	0.000229	0.001656
3	Locus_4	19	151	0.002271	0.000063	0.000921	0.000333
3	Locus_4	20	147	0.000390	0.000064	0.000380	0.000318
3	Locus_4	21	154	0.000015	0.049687	0.000074	0.008884
3	Locus_4	22	191	0.000086	0.001399	0.000233	0.001643
3	Locus_4	23	187	0.000079	0.001422	0.000221	0.001655
3	Locus_4	24	193	0.000092	0.001389	0.000239	0.001649
3	Locus_4	25	182	0.000386	0.000081	0.000382	0.000419
4	Locus_5	0	207	0.296776	0.056978	0.009059	0.010792
4	Locus_5	1	217	0.053124	0.000114	0.004427	0.000556
4	Locus_5	2	209	0.089632	0.000071	0.005659	0.000361
4	Locus_5	3	203	0.156860	0.210447	0.007352	0.017607
4	Locus_5	4	205	0.083451	0.064849	0.005487	0.010790
4	Locus_5	5	211	0.143141	0.000074	0.006885	0.000390
4	Locus_5	6	199	0.087734	0.110273	0.005711	0.013525
4	Locus_5	7	185	0.000016	0.026009	0.000086	0.006396
4	Locus_5	8	219	0.024851	0.000067	0.003071	0.000348
4	Locus_5	9	195	0.005617	0.020458	0.001729	0.006895
4	Locus_5	10	201	0.012800	0.084528	0.002341	0.011591
4	Locus_5	11	213	0.011809	0.023773	0.002144	0.006216
4	Locus_5	12	197	0.019149	0.001091	0.002713	0.001862
4	Locus_5	13	215	0.008164	0.000066	0.001777	0.000331
4	Locus_5	14	194	0.000215	0.133967	0.000386	0.013821
4	Locus_5	15	202	0.001031	0.000687	0.000660	0.001310
4	Locus_5	16	208	0.001171	0.000068	0.000673	0.000355
4	Locus_5	17	212	0.001183	0.000062	0.000673	0.000320
4	Locus_5	18	204	0.000788	0.000064	0.000552	0.000346
4	Locus_5	19	200	0.001134	0.001867	0.000847	0.002818
4	Locus_5	20	191	0.000129	0.040161	0.000307	0.007939
4	Locus_5	21	189	0.000022	0.172072	0.000108	0.015279
4	Locus_5	22	221	0.000755	0.000215	0.000556	0.000759
4	Locus_5	23	196	0.000018	0.016213	0.000089	0.005074
4	Locus_5	24	193	0.000014	0.030859	0.000075	0.006937
4	Locus_5	25	187	0.000016	0.004909	0.000082	0.002810
4	Locus_5	26	223	0.000399	0.000057	0.000391	0.000296
5	Locus_6	0	160	0.260139	0.000073	0.008441	0.000418
5	Locus_6	1	166	0.373256	0.000133	0.009342	0.000676
5	Locus_6	2	168	0.057927	0.000722	0.004529	0.001925
5	Locus_6	3	157	0.139655	0.006386	0.006713	0.004009
5	Locus_6	4	162	0.015463	0.000923	0.002386	0.001554
5	Locus_6	5	164	0.100524	0.000107	0.005799	0.000600
5	Locus_6	6	153	0.000017	0.324343	0.000093	0.019237
5	Locus_6	7	170	0.018868	0.007318	0.002671	0.004175
5	Locus_6	8	161	0.003283	0.010499	0.001165	0.004525
5	Locus_6	9	163	0.001290	0.002722	0.000731	0.002387
5	Locus_6	10	167	0.004937	0.016501	0.001443	0.005715
5	Locus_6	11	154	0.011927	0.000053	0.002099	0.000312
5	Locus_6	12	159	0.003636	0.143325	0.001242	0.014398
5	Locus_6	13	155	0.000140	0.071573	0.000361	0.010624
5	Locus_6	14	181	0.000012	0.038724	0.000067	0.007877
5	Locus_6	15	169	0.000770	0.161273	0.000561	0.015173
5	Locus_6	16	172	0.001132	0.000051	0.000652	0.000287
5	Locus_6	17	179	0.000011	0.040382	0.000068	0.008061
5	Locus_6	18	195	0.000079	0.001430	0.000223	0.001686
5	Locus_6	19	165	0.001859	0.000110	0.000834	0.000513
5	Locus_6	20	185	0.000011	0.001740	0.000064	0.001708
5	Locus_6	21	156	0.002234	0.000083	0.000909	0.000438
5	Locus_6	22	175	0.000012	0.084130	0.000068	0.011394
5	Locus_6	23	152	0.000756	0.000049	0.000532	0.000276
5	Locus_6	24	171	0.000012	0.043728	0.000073	0.008392
5	Locus_6	25	187	0.000014	0.020190	0.000082	0.005767
5	Locus_6	26	189	0.000022	0.001678	0.000108	0.001687
5	Locus_6	27	149	0.000063	0.001504	0.000203	0.001682
5	Locus_6	28	178	0.000012	0.001736	0.000070	0.001712
5	Locus_6	29	158	0.001803	0.000356	0.000845	0.001154
5	Locus_6	30	176	0.000011	0.003412	0.000062	0.002382
5	Locus_6	31	177	0.000012	0.013460	0.000067	0.004717
5	Locus_6	32	173	0.000111	0.001286	0.000264	0.001647
6	Locus_7	0	217	0.078393	0.001622	0.005377	0.002503
6	Locus_7	1	225	0.055723	0.001807	0.004646	0.002748
6	Locus_7	2	231	0.023804	0.018331	0.003088	0.005762
6	Locus_7	3	235	0.029878	0.000029	0.003436	0.000255
6	Locus_7	4	215	0.133638	0.017176	0.006919	0.006005
6	Locus_7	5	219	0.038552	0.010797	0.003905	0.004465
6	Locus_7	6	261	0.005659	0.000025	0.001506	0.000218
6	Locus_7	7	227	0.033410	0.003799	0.003614	0.003005
6	Locus_7	8	265	0.006867	0.000022	0.001655	0.000183
6	Locus_7	9	213	0.063958	0.003032	0.004999	0.003234
6	Locus_7	10	223	0.056575	0.032694	0.004726	0.008048
6	Locus_7	11	229	0.048425	0.059214	0.004373	0.009922
6	Locus_7	12	221	0.057892	0.048804	0.004738	0.009251
6	Locus_7	13	233	0.069276	0.002617	0.005150	0.003116
6	Locus_7	14	249	0.004020	0.000133	0.001283	0.000724
6	Locus_7	15	237	0.024573	0.005366	0.003117	0.003159
6	Locus_7	16	203	0.003829	0.115742	0.001266	0.013080
6	Locus_7	17	205	0.027844	0.096976	0.003429	0.012484
6	Locus_7	18	243	0.028708	0.000063	0.003345	0.000441
6	Locus_7	19	245	0.010925	0.000023	0.002079	0.000197
6	Locus_7	20	207	0.010049	0.080707	0.002060	0.011184
6	Locus_7	21	211	0.016810	0.008867	0.002631	0.004222
6	Locus_7	22	259	0.018985	0.000109	0.002742	0.000582
6	Locus_7	23	271	0.003239	0.000036	0.001146	0.000289
6	Locus_7	24	246	0.000410	0.000024	0.000406	0.000202
6	Locus_7	25	251	0.010107	0.000023	0.002007	0.000183
6	Locus_7	26	253	0.008487	0.000026	0.001841	0.000217
6	Locus_7	27	209	0.002554	0.088117	0.001039	0.011501
6	Locus_7	28	239	0.030296	0.000031	0.003441	0.000260
6	Locus_7	29	248	0.000814	0.000023	0.000569	0.000205
6	Locus_7	30	255	0.009295	0.000033	0.001934	0.000268
6	Locus_7	31	241	0.020980	0.000123	0.002894	0.000651
6	Locus_7	32	263	0.003647	0.000024	0.001210	0.000200
6	Locus_7	33	216	0.007470	0.019012	0.001807	0.005894
6	Locus_7	34	222	0.001619	0.000023	0.000806	0.000191
6	Locus_7	35	224	0.004457	0.000031	0.001339	0.000251
6	Locus_7	36	242	0.000409	0.000023	0.000408	0.000196
6	Locus_7	37	269	0.002830	0.000024	0.001068	0.000196
6	Locus_7	38	257	0.011441	0.001139	0.002184	0.002296
6	Locus_7	39	252	0.000405	0.000042	0.000406	0.000317
6	Locus_7	40	247	0.013822	0.001353	0.002447	0.003182
6	Locus_7	41	214	0.002029	0.000035	0.000904	0.000276
6	Locus_7	42	234	0.001215	0.000024	0.000702	0.000209
6	Locus_7	43	199	0.000007	0.197170	0.000057	0.016203
6	Locus_7	44	244	0.000816	0.000023	0.000570	0.000200
6	Locus_7	45	226	0.000810	0.000024	0.000568	0.000208
6	Locus_7	46	230	0.001216	0.000022	0.000706	0.000190
6	Locus_7	47	208	0.000408	0.004939	0.000442	0.002931
6	Locus_7	48	212	0.001902	0.002144	0.000944	0.002373
6	Locus_7	49	201	0.001680	0.098285	0.000897	0.012187
6	Locus_7	50	267	0.002829	0.000041	0.001065	0.000313
6	Locus_7	51	220	0.000399	0.000059	0.000406	0.000384
6	Locus_7	52	232	0.000814	0.001652	0.000575	0.001654
6	Locus_7	53	195	0.000465	0.006391	0.000513	0.003415
6	Locus_7	54	206	0.001089	0.000547	0.000728	0.001505
6	Locus_7	55	193	0.000006	0.018096	0.000052	0.005384
6	Locus_7	56	200	0.000007	0.011524	0.000058	0.004337
6	Locus_7	57	228	0.001210	0.000059	0.000701	0.000394
6	Locus_7	58	254	0.000412	0.000022	0.000409	0.000187
6	Locus_7	59	273	0.000412	0.000024	0.000407	0.000206
6	Locus_7	60	191	0.000052	0.008034	0.000233	0.003671
6	Locus_7	61	197	0.000006	0.014796	0.000048	0.004896
6	Locus_7	62	204	0.000006	0.004942	0.000052	0.002866
6	Locus_7	63	198	0.000007	0.004950	0.000061	0.002851
6	Locus_7	64	238	0.000820	0.000029	0.000578	0.000232
6	Locus_7	65	260	0.000797	0.000090	0.000577	0.000591
6	Locus_7	66	218	0.000410	0.000025	0.000408	0.000209
6	Locus_7	67	202	0.000062	0.001449	0.000215	0.001643
6	Locus_7	68	189	0.000008	0.003304	0.000064	0.002327
6	Locus_7	69	190	0.000028	0.001569	0.000138	0.001643
6	Locus_7	70	192	0.000006	0.001673	0.000050	0.001651
7	Locus_8	0	171	0.215549	0.013913	0.007881	0.005572
7	Locus_8	1	183	0.084025	0.000099	0.005296	0.000459
7	Locus_8	2	163	0.002243	0.823091	0.001038	0.015190
7	Locus_8	3	189	0.077126	0.000082	0.005084	0.000367
7	Locus_8	4	193	0.034436	0.000088	0.003487	0.000409
7	Locus_8	5	181	0.039841	0.000085	0.003719	0.000388
7	Locus_8	6	187	0.131850	0.000085	0.006418	0.000387
7	Locus_8	7	185	0.116645	0.000080	0.006124	0.000370
7	Locus_8	8	177	0.175366	0.000086	0.007253	0.000389
7	Locus_8	9	173	0.005452	0.000074	0.001406	0.000349
7	Locus_8	10	175	0.002544	0.000124	0.000965	0.000508
7	Locus_8	11	179	0.095987	0.000098	0.005592	0.000441
7	Locus_8	12	191	0.011973	0.000093	0.002068	0.000417
7	Locus_8	13	169	0.005024	0.034487	0.001375	0.007248
7	Locus_8	14	199	0.000742	0.000075	0.000517	0.000343
7	Locus_8	15	195	0.000744	0.000075	0.000522	0.000337
7	Locus_8	16	165	0.000019	0.054308	0.000089	0.008885
7	Locus_8	17	161	0.000017	0.054269	0.000080	0.008912
7	Locus_8	18	159	0.000018	0.006264	0.000079	0.003108
7	Locus_8	19	167	0.000017	0.012451	0.000078	0.004344
7	Locus_8	20	197	0.000381	0.000073	0.000370	0.000337
8	Locus_9	0	335	0.079073	0.000131	0.005246	0.000545
8	Locus_9	1	327	0.086427	0.836706	0.005572	0.015267
8	Locus_9	2	337	0.106346	0.000098	0.005908	0.000420
8	Locus_9	3	333	0.331357	0.000171	0.009061	0.000692
8	Locus_9	4	339	0.201507	0.000096	0.007753	0.000414
8	Locus_9	5	331	0.057942	0.012248	0.004512	0.004867
8	Locus_9	6	341	0.064531	0.000233	0.004739	0.000801
8	Locus_9	7	343	0.042923	0.000102	0.003920	0.000431
8	Locus_9	8	329	0.025223	0.101516	0.003256	0.012669
8	Locus_9	9	334	0.000394	0.000091	0.000383	0.000381
8	Locus_9	10	336	0.000394	0.000091	0.000388	0.000392
8	Locus_9	11	326	0.000392	0.000088	0.000382	0.000380
8	Locus_9	12	338	0.000394	0.000089	0.000384	0.000383
8	Locus_9	13	340	0.000395	0.000085	0.000385	0.000355
8	Locus_9	14	323	0.001163	0.044822	0.000670	0.008128
8	Locus_9	15	345	0.000751	0.000153	0.000532	0.000626
8	Locus_9	16	347	0.000766	0.001645	0.000535	0.001603
8	Locus_9	17	325	0.000021	0.001636	0.000089	0.001600
9	Locus_10	0	169	0.273182	0.373772	0.008610	0.019778
9	Locus_10	1	177	0.025547	0.271439	0.003133	0.017687
9	Locus_10	2	191	0.110213	0.000437	0.005930	0.001255
9	Locus_10	3	187	0.171134	0.008125	0.007164	0.004364
9	Locus_10	4	183	0.201323	0.031809	0.007632	0.007416
9	Locus_10	5	185	0.032626	0.001802	0.003405	0.002332
9	Locus_10	6	189	0.060324	0.000081	0.004508	0.000364
9	Locus_10	7	181	0.053463	0.021156	0.004314	0.006530
9	Locus_10	8	179	0.007396	0.047315	0.001794	0.008723
9	Locus_10	9	193	0.038202	0.004056	0.003661	0.002845
9	Locus_10	10	195	0.002882	0.000112	0.001018	0.000474
9	Locus_10	11	173	0.015788	0.000147	0.002353	0.000603
9	Locus_10	12	197	0.003127	0.000561	0.001084	0.001360
9	Locus_10	13	199	0.001824	0.001538	0.000812	0.001535
9	Locus_10	14	165	0.000372	0.000092	0.000366	0.000404
9	Locus_10	15	167	0.000212	0.195920	0.000397	0.015538
9	Locus_10	16	170	0.000026	0.019557	0.000115	0.005406
9	Locus_10	17	196	0.001451	0.000073	0.000717	0.000322
9	Locus_10	18	175	0.000870	0.017504	0.000604	0.005184
9	Locus_10	19	172	0.000040	0.004502	0.000180	0.002633
10	Locus_11	0	320	0.047893	0.108459	0.004141	0.021934
10	Locus_11	1	344	0.038710	0.022048	0.003691	0.010442
10	Locus_11	2	330	0.072497	0.080514	0.005064	0.021681
10	Locus_11	3	318	0.266321	0.316497	0.008542	0.034325
10	Locus_11	4	328	0.048862	0.092494	0.004165	0.020467
10	Locus_11	5	332	0.020015	0.009983	0.002735	0.009158
10	Locus_11	6	342	0.022843	0.015495	0.002901	0.009933
10	Locus_11	7	356	0.010603	0.000181	0.001952	0.000922
10	Locus_11	8	340	0.128456	0.131984	0.006452	0.024922
10	Locus_11	9	334	0.061924	0.037458	0.004692	0.016661
10	Locus_11	10	336	0.024522	0.003940	0.002953	0.004898
10	Locus_11	11	326	0.084206	0.084904	0.005372	0.021028
10	Locus_11	12	338	0.064662	0.021811	0.004720	0.010544
10	Locus_11	13	316	0.058151	0.051412	0.004563	0.018659
10	Locus_11	14	313	0.000379	0.000175	0.000372	0.000919
10	Locus_11	15	325	0.000748	0.000149	0.000522	0.000812
10	Locus_11	16	352	0.012053	0.000166	0.002085	0.000874
10	Locus_11	17	346	0.010729	0.016092	0.001977	0.008813
10	Locus_11	18	322	0.007694	0.000264	0.001679	0.001280
10	Locus_11	19	362	0.000378	0.000164	0.000373	0.000856
10	Locus_11	20	350	0.004401	0.000158	0.001267	0.000815
10	Locus_11	21	354	0.001468	0.000200	0.000730	0.001013
10	Locus_11	22	358	0.002564	0.000264	0.000965	0.001238
10	Locus_11	23	348	0.007322	0.000202	0.001628	0.001005
10	Locus_11	24	360	0.000741	0.004500	0.000535	0.004612
10	Locus_11	25	339	0.000740	0.000173	0.000520	0.000938
10	Locus_11	26	317	0.000744	0.000157	0.000519	0.000818
10	Locus_11	27	312	0.000377	0.000157	0.000368	0.000805
11	Locus_12	0	221	0.205923	0.000101	0.007748	0.000451
11	Locus_12	1	239	0.063246	0.000264	0.004608	0.000979
11	Locus_12	2	227	0.111246	0.000241	0.005981	0.000932
11	Locus_12	3	237	0.124782	0.000095	0.006286	0.000441
11	Locus_12	4	235	0.312943	0.001492	0.008859	0.002303
11	Locus_12	5	229	0.040385	0.000212	0.003758	0.000838
11	Locus_12	6	223	0.047305	0.000107	0.004042	0.000490
11	Locus_12	7	233	0.023896	0.000584	0.002918	0.001416
11	Locus_12	8	241	0.013843	0.000083	0.002247	0.000377
11	Locus_12	9	215	0.000862	0.007173	0.000597	0.003416
11	Locus_12	10	247	0.000748	0.000072	0.000522	0.000325
11	Locus_12	11	213	0.002024	0.988621	0.001477	0.004903
11	Locus_12	12	243	0.010494	0.000335	0.001952	0.000965
11	Locus_12	13	249	0.001825	0.000073	0.000811	0.000333
11	Locus_12	14	231	0.006929	0.000071	0.001581	0.000319
11	Locus_12	15	219	0.012752	0.000078	0.002138	0.000357
11	Locus_12	16	245	0.002927	0.000074	0.001030	0.000336
11	Locus_12	17	225	0.015638	0.000106	0.002370	0.000476
11	Locus_12	18	217	0.000379	0.000073	0.000368	0.000339
11	Locus_12	19	251	0.001473	0.000073	0.000737	0.000337
11	Locus_12	20	226	0.000381	0.000072	0.000370	0.000326
