UponCompletionOf_50000_sweeps
LocNumber LocName AlleleNumber AlleleName FreqInPop0 FreqInPop1 SDInPop0 SDinPop1
0	Locus_1	0	280	0.740912	0.319641	0.009073	0.020524
0	Locus_1	1	290	0.120185	0.002595	0.006638	0.003380
0	Locus_1	2	282	0.068820	0.026229	0.005217	0.007411
0	Locus_1	3	288	0.011281	0.000174	0.002162	0.000685
0	Locus_1	4	286	0.014636	0.000180	0.002445	0.000711
0	Locus_1	5	279	0.010447	0.000131	0.002072	0.000551
0	Locus_1	6	278	0.002295	0.506826	0.001190	0.021407
0	Locus_1	7	292	0.006708	0.000099	0.001671	0.000417
0	Locus_1	8	281	0.008804	0.000097	0.001914	0.000406
0	Locus_1	9	272	0.009628	0.010260	0.002328	0.006425
0	Locus_1	10	284	0.000660	0.117959	0.000662	0.013426
0	Locus_1	11	270	0.000475	0.010118	0.000522	0.004236
0	Locus_1	12	291	0.000444	0.000099	0.000433	0.000421
0	Locus_1	13	285	0.000441	0.000095	0.000426	0.000401
0	Locus_1	14	289	0.002945	0.000095	0.001103	0.000410
0	Locus_1	15	294	0.000859	0.000097	0.000600	0.000416
0	Locus_1	16	275	0.000439	0.000103	0.000429	0.000439
0	Locus_1	17	274	0.000023	0.005201	0.000098	0.002990
1	Locus_2	0	248	0.265548	0.000091	0.008452	0.000532
1	Locus_2	1	270	0.022602	0.000052	0.002832	0.000320
1	Locus_2	2	278	0.028435	0.000055	0.003164	0.000330
1	Locus_2	3	276	0.067404	0.000046	0.004787	0.000290
1	Locus_2	4	254	0.081263	0.000043	0.005223	0.000258
1	Locus_2	5	288	0.005749	0.000446	0.001459	0.001087
1	Locus_2	6	252	0.028074	0.000059	0.003160	0.000361
1	Locus_2	7	260	0.052438	0.000046	0.004263	0.000295
1	Locus_2	8	268	0.031317	0.000048	0.003325	0.000292
1	Locus_2	9	274	0.031686	0.000062	0.003335	0.000393
1	Locus_2	10	262	0.027325	0.000049	0.003119	0.000305
1	Locus_2	11	284	0.020768	0.000043	0.002704	0.000264
1	Locus_2	12	256	0.058338	0.002966	0.004520	0.003498
1	Locus_2	13	272	0.060816	0.000059	0.004565	0.000358
1	Locus_2	14	280	0.041134	0.000045	0.003784	0.000292
1	Locus_2	15	290	0.008015	0.000059	0.001699	0.000365
1	Locus_2	16	258	0.046617	0.000230	0.004028	0.000914
1	Locus_2	17	234	0.000010	0.579129	0.000063	0.019828
1	Locus_2	18	294	0.001468	0.000041	0.000730	0.000252
1	Locus_2	19	286	0.018579	0.000056	0.002578	0.000340
1	Locus_2	20	282	0.027655	0.000085	0.003127	0.000491
1	Locus_2	21	266	0.018587	0.000081	0.002571	0.000478
1	Locus_2	22	264	0.026970	0.000041	0.003095	0.000254
1	Locus_2	23	250	0.020764	0.000047	0.002724	0.000295
1	Locus_2	24	244	0.000782	0.001450	0.000555	0.001654
1	Locus_2	25	230	0.000010	0.232159	0.000063	0.016815
1	Locus_2	26	246	0.001096	0.000039	0.000635	0.000243
1	Locus_2	27	249	0.001163	0.173274	0.000817	0.015212
1	Locus_2	28	231	0.000011	0.006393	0.000069	0.003179
1	Locus_2	29	257	0.000372	0.000047	0.000369	0.000296
1	Locus_2	30	291	0.001468	0.000041	0.000727	0.000259
1	Locus_2	31	275	0.000371	0.000046	0.000368	0.000286
1	Locus_2	32	283	0.001106	0.000042	0.000636	0.000255
1	Locus_2	33	255	0.000349	0.000146	0.000368	0.000631
1	Locus_2	34	281	0.000350	0.000148	0.000368	0.000630
1	Locus_2	35	263	0.000373	0.000041	0.000368	0.000246
1	Locus_2	36	236	0.000445	0.001312	0.000451	0.001696
1	Locus_2	37	240	0.000309	0.000320	0.000363	0.000926
1	Locus_2	38	292	0.000231	0.000665	0.000344	0.001279
2	Locus_3	0	128	0.178972	0.075364	0.007403	0.011922
2	Locus_3	1	130	0.123943	0.029954	0.006325	0.008323
2	Locus_3	2	148	0.008331	0.010568	0.001729	0.004271
2	Locus_3	3	124	0.157954	0.026646	0.006937	0.007742
2	Locus_3	4	154	0.001829	0.012524	0.000819	0.004493
2	Locus_3	5	150	0.003043	0.026023	0.001144	0.006622
2	Locus_3	6	126	0.008283	0.198433	0.001769	0.016082
2	Locus_3	7	134	0.027145	0.040995	0.003237	0.009085
2	Locus_3	8	104	0.176992	0.010177	0.007374	0.008252
2	Locus_3	9	106	0.005008	0.000036	0.001339	0.000241
2	Locus_3	10	120	0.076837	0.025204	0.005106	0.007257
2	Locus_3	11	122	0.085010	0.000059	0.005254	0.000393
2	Locus_3	12	115	0.016592	0.023047	0.002532	0.006842
2	Locus_3	13	136	0.029471	0.057595	0.003256	0.009788
2	Locus_3	14	144	0.002131	0.045853	0.000890	0.008380
2	Locus_3	15	132	0.061264	0.136454	0.004686	0.014522
2	Locus_3	16	108	0.002140	0.000078	0.000881	0.000436
2	Locus_3	17	152	0.000689	0.023856	0.000544	0.006117
2	Locus_3	18	125	0.003218	0.000048	0.001063	0.000309
2	Locus_3	19	138	0.009266	0.041159	0.001954	0.008537
2	Locus_3	20	109	0.000365	0.000037	0.000360	0.000241
2	Locus_3	21	103	0.001077	0.000033	0.000612	0.000221
2	Locus_3	22	105	0.000364	0.000035	0.000362	0.000236
2	Locus_3	23	146	0.002151	0.007953	0.000994	0.004092
2	Locus_3	24	142	0.001099	0.020483	0.000646	0.005657
2	Locus_3	25	156	0.003482	0.079394	0.001192	0.010959
2	Locus_3	26	158	0.001790	0.000041	0.000799	0.000265
2	Locus_3	27	129	0.002910	0.004579	0.001109	0.003316
2	Locus_3	28	131	0.000327	0.001775	0.000374	0.001800
2	Locus_3	29	139	0.000365	0.000043	0.000362	0.000288
2	Locus_3	30	140	0.003095	0.019535	0.001089	0.005661
2	Locus_3	31	111	0.000008	0.014240	0.000055	0.004735
2	Locus_3	32	118	0.000775	0.006120	0.000565	0.003227
2	Locus_3	33	119	0.001391	0.000239	0.000713	0.000815
2	Locus_3	34	123	0.000721	0.000036	0.000506	0.000253
2	Locus_3	35	121	0.000722	0.000036	0.000510	0.000240
2	Locus_3	36	172	0.000008	0.009499	0.000056	0.003866
2	Locus_3	37	160	0.000008	0.037856	0.000055	0.007571
2	Locus_3	38	174	0.000008	0.003189	0.000054	0.002235
2	Locus_3	39	127	0.000109	0.002735	0.000314	0.002337
2	Locus_3	40	164	0.000234	0.003737	0.000353	0.002587
2	Locus_3	41	168	0.000021	0.001559	0.000113	0.001591
2	Locus_3	42	133	0.000008	0.001601	0.000054	0.001576
2	Locus_3	43	110	0.000118	0.001137	0.000264	0.001522
2	Locus_3	44	100	0.000728	0.000035	0.000511	0.000232
3	Locus_4	0	167	0.075560	0.000071	0.005152	0.000356
3	Locus_4	1	171	0.090195	0.000077	0.005556	0.000392
3	Locus_4	2	159	0.068406	0.000097	0.004892	0.000482
3	Locus_4	3	163	0.248408	0.000076	0.008422	0.000391
3	Locus_4	4	175	0.037937	0.000075	0.003702	0.000387
3	Locus_4	5	165	0.136077	0.000071	0.006646	0.000356
3	Locus_4	6	161	0.105617	0.000078	0.005934	0.000398
3	Locus_4	7	177	0.044350	0.000078	0.003994	0.000403
3	Locus_4	8	141	0.000043	0.940384	0.000175	0.009865
3	Locus_4	9	173	0.034988	0.000073	0.003568	0.000373
3	Locus_4	10	179	0.009786	0.000068	0.001910	0.000348
3	Locus_4	11	155	0.075557	0.000104	0.005127	0.000519
3	Locus_4	12	169	0.045100	0.000068	0.004014	0.000347
3	Locus_4	13	157	0.014663	0.000081	0.002332	0.000416
3	Locus_4	14	153	0.000794	0.001611	0.000558	0.001684
3	Locus_4	15	183	0.002596	0.000290	0.000999	0.000992
3	Locus_4	16	181	0.004832	0.000415	0.001378	0.001434
3	Locus_4	17	185	0.001784	0.000528	0.000854	0.001385
3	Locus_4	18	201	0.000076	0.001451	0.000220	0.001668
3	Locus_4	19	151	0.002257	0.000062	0.000918	0.000316
3	Locus_4	20	147	0.000390	0.000068	0.000383	0.000352
3	Locus_4	21	154	0.000014	0.049578	0.000078	0.008833
3	Locus_4	22	191	0.000075	0.001427	0.000216	0.001631
3	Locus_4	23	187	0.000063	0.001500	0.000198	0.001667
3	Locus_4	24	193	0.000062	0.001508	0.000198	0.001669
3	Locus_4	25	182	0.000369	0.000159	0.000381	0.000648
4	Locus_5	0	207	0.296977	0.056440	0.009112	0.010834
4	Locus_5	1	217	0.053178	0.000118	0.004424	0.000585
4	Locus_5	2	209	0.089661	0.000066	0.005625	0.000341
4	Locus_5	3	203	0.156992	0.209854	0.007326	0.017600
4	Locus_5	4	205	0.083286	0.065588	0.005508	0.010845
4	Locus_5	5	211	0.143264	0.000070	0.006928	0.000373
4	Locus_5	6	199	0.087567	0.110752	0.005711	0.013524
4	Locus_5	7	185	0.000016	0.025994	0.000086	0.006383
4	Locus_5	8	219	0.024837	0.000066	0.003079	0.000344
4	Locus_5	9	195	0.005615	0.020449	0.001717	0.006781
4	Locus_5	10	201	0.012869	0.084057	0.002372	0.011654
4	Locus_5	11	213	0.011818	0.023697	0.002140	0.006197
4	Locus_5	12	197	0.019258	0.000756	0.002722	0.001742
4	Locus_5	13	215	0.008171	0.000064	0.001765	0.000328
4	Locus_5	14	194	0.000078	0.134266	0.000243	0.013790
4	Locus_5	15	202	0.001051	0.000586	0.000661	0.001222
4	Locus_5	16	208	0.001175	0.000081	0.000679	0.000426
4	Locus_5	17	212	0.001174	0.000063	0.000676	0.000334
4	Locus_5	18	204	0.000779	0.000094	0.000550	0.000481
4	Locus_5	19	200	0.000956	0.002618	0.000840	0.003157
4	Locus_5	20	191	0.000068	0.040342	0.000221	0.007908
4	Locus_5	21	189	0.000016	0.171663	0.000086	0.015187
4	Locus_5	22	221	0.000745	0.000238	0.000550	0.000824
4	Locus_5	23	196	0.000017	0.016268	0.000088	0.005067
4	Locus_5	24	193	0.000015	0.030847	0.000077	0.006978
4	Locus_5	25	187	0.000015	0.004896	0.000078	0.002817
4	Locus_5	26	223	0.000404	0.000064	0.000397	0.000334
5	Locus_6	0	160	0.259959	0.000076	0.008486	0.000432
5	Locus_6	1	166	0.373012	0.000090	0.009346	0.000506
5	Locus_6	2	168	0.057949	0.000373	0.004511	0.001447
5	Locus_6	3	157	0.139976	0.004353	0.006710	0.004107
5	Locus_6	4	162	0.015590	0.000329	0.002396	0.001026
5	Locus_6	5	164	0.100405	0.000101	0.005782	0.000559
5	Locus_6	6	153	0.000016	0.325414	0.000090	0.019225
5	Locus_6	7	170	0.019485	0.004536	0.002759	0.004259
5	Locus_6	8	161	0.003372	0.010086	0.001202	0.004539
5	Locus_6	9	163	0.001330	0.002512	0.000749	0.002360
5	Locus_6	10	167	0.005022	0.016152	0.001466	0.005720
5	Locus_6	11	154	0.011911	0.000050	0.002091	0.000277
5	Locus_6	12	159	0.003452	0.144680	0.001275	0.014672
5	Locus_6	13	155	0.000021	0.072470	0.000120	0.010658
5	Locus_6	14	181	0.000012	0.038822	0.000066	0.007930
5	Locus_6	15	169	0.000372	0.163723	0.000524	0.015350
5	Locus_6	16	172	0.001130	0.000053	0.000650	0.000296
5	Locus_6	17	179	0.000011	0.040496	0.000063	0.008109
5	Locus_6	18	195	0.000073	0.001447	0.000214	0.001663
5	Locus_6	19	165	0.001861	0.000116	0.000838	0.000566
5	Locus_6	20	185	0.000012	0.001740	0.000068	0.001712
5	Locus_6	21	156	0.002241	0.000058	0.000917	0.000328
5	Locus_6	22	175	0.000012	0.084359	0.000069	0.011437
5	Locus_6	23	152	0.000754	0.000050	0.000528	0.000289
5	Locus_6	24	171	0.000012	0.043889	0.000072	0.008415
5	Locus_6	25	187	0.000013	0.020256	0.000076	0.005783
5	Locus_6	26	189	0.000023	0.001677	0.000115	0.001700
5	Locus_6	27	149	0.000031	0.001646	0.000138	0.001701
5	Locus_6	28	178	0.000016	0.001729	0.000086	0.001715
5	Locus_6	29	158	0.001789	0.000453	0.000844	0.001322
5	Locus_6	30	176	0.000011	0.003435	0.000067	0.002385
5	Locus_6	31	177	0.000011	0.013557	0.000063	0.004722
5	Locus_6	32	173	0.000116	0.001271	0.000268	0.001644
6	Locus_7	0	217	0.078589	0.000138	0.005411	0.000748
6	Locus_7	1	225	0.055901	0.000531	0.004622	0.001655
6	Locus_7	2	231	0.023787	0.018192	0.003110	0.005796
6	Locus_7	3	235	0.029839	0.000031	0.003405	0.000266
6	Locus_7	4	215	0.134055	0.013829	0.006908	0.006430
6	Locus_7	5	219	0.038564	0.010456	0.003900	0.004559
6	Locus_7	6	261	0.005652	0.000023	0.001504	0.000196
6	Locus_7	7	227	0.033593	0.002698	0.003653	0.002939
6	Locus_7	8	265	0.006855	0.000024	0.001661	0.000197
6	Locus_7	9	213	0.064276	0.001009	0.004935	0.002217
6	Locus_7	10	223	0.056381	0.033297	0.004738	0.008227
6	Locus_7	11	229	0.048029	0.061001	0.004354	0.010147
6	Locus_7	12	221	0.057681	0.049755	0.004739	0.009442
6	Locus_7	13	233	0.069439	0.001230	0.005139	0.002499
6	Locus_7	14	249	0.004008	0.000146	0.001268	0.000752
6	Locus_7	15	237	0.024767	0.004263	0.003153	0.003381
6	Locus_7	16	203	0.003746	0.117402	0.001269	0.013209
6	Locus_7	17	205	0.027769	0.098128	0.003408	0.012656
6	Locus_7	18	243	0.028628	0.000059	0.003359	0.000425
6	Locus_7	19	245	0.010882	0.000023	0.002068	0.000197
6	Locus_7	20	207	0.009997	0.081685	0.002054	0.011343
6	Locus_7	21	211	0.016930	0.008347	0.002630	0.004179
6	Locus_7	22	259	0.018954	0.000066	0.002751	0.000440
6	Locus_7	23	271	0.003219	0.000031	0.001128	0.000249
6	Locus_7	24	246	0.000409	0.000023	0.000406	0.000189
6	Locus_7	25	251	0.010084	0.000023	0.002007	0.000192
6	Locus_7	26	253	0.008470	0.000029	0.001842	0.000234
6	Locus_7	27	209	0.002522	0.089165	0.001047	0.011672
6	Locus_7	28	239	0.030222	0.000029	0.003447	0.000225
6	Locus_7	29	248	0.000814	0.000022	0.000569	0.000189
6	Locus_7	30	255	0.009260	0.000029	0.001933	0.000238
6	Locus_7	31	241	0.020972	0.000084	0.002880	0.000538
6	Locus_7	32	263	0.003636	0.000024	0.001209	0.000201
6	Locus_7	33	216	0.007669	0.018264	0.001826	0.005897
6	Locus_7	34	222	0.001618	0.000024	0.000806	0.000205
6	Locus_7	35	224	0.004439	0.000024	0.001335	0.000215
6	Locus_7	36	242	0.000405	0.000023	0.000403	0.000191
6	Locus_7	37	269	0.002826	0.000025	0.001069	0.000204
6	Locus_7	38	257	0.011598	0.000466	0.002166	0.001520
6	Locus_7	39	252	0.000396	0.000068	0.000405	0.000418
6	Locus_7	40	247	0.013880	0.000936	0.002424	0.002728
6	Locus_7	41	214	0.002021	0.000035	0.000900	0.000288
6	Locus_7	42	234	0.001217	0.000023	0.000702	0.000190
6	Locus_7	43	199	0.000006	0.199093	0.000051	0.016448
6	Locus_7	44	244	0.000808	0.000023	0.000571	0.000194
6	Locus_7	45	226	0.000809	0.000022	0.000571	0.000179
6	Locus_7	46	230	0.001216	0.000023	0.000700	0.000195
6	Locus_7	47	208	0.000275	0.005560	0.000411	0.003183
6	Locus_7	48	212	0.002056	0.001518	0.000995	0.002291
6	Locus_7	49	201	0.001364	0.100658	0.000974	0.012521
6	Locus_7	50	267	0.002817	0.000031	0.001071	0.000254
6	Locus_7	51	220	0.000381	0.000135	0.000406	0.000642
6	Locus_7	52	232	0.000804	0.001715	0.000588	0.001789
6	Locus_7	53	195	0.000301	0.007075	0.000458	0.003604
6	Locus_7	54	206	0.001020	0.000847	0.000756	0.001995
6	Locus_7	55	193	0.000007	0.018218	0.000059	0.005444
6	Locus_7	56	200	0.000007	0.011608	0.000064	0.004349
6	Locus_7	57	228	0.001216	0.000034	0.000700	0.000268
6	Locus_7	58	254	0.000411	0.000023	0.000408	0.000191
6	Locus_7	59	273	0.000407	0.000027	0.000400	0.000219
6	Locus_7	60	191	0.000019	0.008269	0.000127	0.003717
6	Locus_7	61	197	0.000006	0.014933	0.000052	0.004948
6	Locus_7	62	204	0.000006	0.004997	0.000056	0.002874
6	Locus_7	63	198	0.000011	0.004987	0.000093	0.002878
6	Locus_7	64	238	0.000811	0.000037	0.000572	0.000292
6	Locus_7	65	260	0.000756	0.000251	0.000587	0.001062
6	Locus_7	66	218	0.000412	0.000025	0.000409	0.000210
6	Locus_7	67	202	0.000037	0.001557	0.000163	0.001668
6	Locus_7	68	189	0.000007	0.003352	0.000060	0.002343
6	Locus_7	69	190	0.000024	0.001616	0.000129	0.001673
6	Locus_7	70	192	0.000006	0.001688	0.000048	0.001673
7	Locus_8	0	171	0.216478	0.011287	0.007862	0.005597
7	Locus_8	1	183	0.084149	0.000113	0.005288	0.000519
7	Locus_8	2	163	0.000138	0.826904	0.000373	0.015208
7	Locus_8	3	189	0.077225	0.000084	0.005079	0.000380
7	Locus_8	4	193	0.034492	0.000081	0.003489	0.000364
7	Locus_8	5	181	0.039933	0.000080	0.003731	0.000377
7	Locus_8	6	187	0.132040	0.000081	0.006436	0.000363
7	Locus_8	7	185	0.116835	0.000084	0.006152	0.000384
7	Locus_8	8	177	0.175586	0.000086	0.007268	0.000394
7	Locus_8	9	173	0.005463	0.000074	0.001399	0.000337
7	Locus_8	10	175	0.002539	0.000121	0.000954	0.000517
7	Locus_8	11	179	0.096126	0.000097	0.005615	0.000445
7	Locus_8	12	191	0.011966	0.000101	0.002067	0.000445
7	Locus_8	13	169	0.005097	0.033909	0.001405	0.007254
7	Locus_8	14	199	0.000740	0.000074	0.000517	0.000344
7	Locus_8	15	195	0.000744	0.000076	0.000521	0.000353
7	Locus_8	16	165	0.000021	0.053980	0.000094	0.008916
7	Locus_8	17	161	0.000016	0.054056	0.000074	0.008862
7	Locus_8	18	159	0.000017	0.006225	0.000079	0.003079
7	Locus_8	19	167	0.000017	0.012413	0.000079	0.004316
7	Locus_8	20	197	0.000378	0.000072	0.000370	0.000331
8	Locus_9	0	335	0.079222	0.000126	0.005199	0.000525
8	Locus_9	1	327	0.085287	0.838097	0.005607	0.015415
8	Locus_9	2	337	0.106445	0.000094	0.005910	0.000394
8	Locus_9	3	333	0.331675	0.000131	0.009087	0.000557
8	Locus_9	4	339	0.201756	0.000096	0.007760	0.000400
8	Locus_9	5	331	0.058482	0.010074	0.004601	0.005147
8	Locus_9	6	341	0.064654	0.000134	0.004739	0.000550
8	Locus_9	7	343	0.042980	0.000097	0.003922	0.000417
8	Locus_9	8	329	0.024872	0.102365	0.003229	0.012799
8	Locus_9	9	334	0.000390	0.000098	0.000379	0.000414
8	Locus_9	10	336	0.000394	0.000096	0.000386	0.000388
8	Locus_9	11	326	0.000390	0.000087	0.000381	0.000371
8	Locus_9	12	338	0.000395	0.000090	0.000387	0.000377
8	Locus_9	13	340	0.000396	0.000085	0.000386	0.000361
8	Locus_9	14	323	0.001123	0.044903	0.000671	0.008214
8	Locus_9	15	345	0.000748	0.000177	0.000543	0.000685
8	Locus_9	16	347	0.000771	0.001618	0.000542	0.001578
8	Locus_9	17	325	0.000021	0.001630	0.000091	0.001590
9	Locus_10	0	169	0.272815	0.375459	0.008601	0.019872
9	Locus_10	1	177	0.025268	0.272731	0.003114	0.017662
9	Locus_10	2	191	0.110230	0.000201	0.005956	0.000787
9	Locus_10	3	187	0.171948	0.004710	0.007173	0.004345
9	Locus_10	4	183	0.201300	0.031965	0.007659	0.007550
9	Locus_10	5	185	0.032782	0.001214	0.003396	0.002037
9	Locus_10	6	189	0.060319	0.000083	0.004499	0.000366
9	Locus_10	7	181	0.053193	0.022170	0.004326	0.006763
9	Locus_10	8	179	0.007384	0.047298	0.001784	0.008762
9	Locus_10	9	193	0.038256	0.003803	0.003665	0.003021
9	Locus_10	10	195	0.002878	0.000111	0.001018	0.000480
9	Locus_10	11	173	0.015785	0.000128	0.002362	0.000539
9	Locus_10	12	197	0.003160	0.000440	0.001087	0.001162
9	Locus_10	13	199	0.001836	0.001464	0.000818	0.001539
9	Locus_10	14	165	0.000369	0.000109	0.000369	0.000460
9	Locus_10	15	167	0.000086	0.196496	0.000257	0.015462
9	Locus_10	16	170	0.000029	0.019567	0.000125	0.005379
9	Locus_10	17	196	0.001453	0.000076	0.000718	0.000337
9	Locus_10	18	175	0.000880	0.017449	0.000643	0.005212
9	Locus_10	19	172	0.000029	0.004527	0.000140	0.002627
10	Locus_11	0	320	0.047836	0.108806	0.004142	0.022220
10	Locus_11	1	344	0.038716	0.022111	0.003715	0.010828
10	Locus_11	2	330	0.072527	0.080201	0.005051	0.021066
10	Locus_11	3	318	0.266756	0.311397	0.008553	0.034107
10	Locus_11	4	328	0.048636	0.095065	0.004177	0.021144
10	Locus_11	5	332	0.019857	0.011563	0.002742	0.010094
10	Locus_11	6	342	0.022907	0.014395	0.002918	0.010330
10	Locus_11	7	356	0.010606	0.000188	0.001958	0.000986
10	Locus_11	8	340	0.128432	0.132582	0.006457	0.024887
10	Locus_11	9	334	0.061890	0.037817	0.004682	0.017223
10	Locus_11	10	336	0.024774	0.001453	0.002969	0.003364
10	Locus_11	11	326	0.084309	0.083716	0.005374	0.020589
10	Locus_11	12	338	0.064819	0.020046	0.004701	0.010686
10	Locus_11	13	316	0.057790	0.056001	0.004563	0.017904
10	Locus_11	14	313	0.000374	0.000198	0.000373	0.001022
10	Locus_11	15	325	0.000741	0.000164	0.000521	0.000891
10	Locus_11	16	352	0.012060	0.000176	0.002097	0.000919
10	Locus_11	17	346	0.010663	0.016749	0.001995	0.009258
10	Locus_11	18	322	0.007667	0.000252	0.001660	0.001296
10	Locus_11	19	362	0.000376	0.000192	0.000373	0.000984
10	Locus_11	20	350	0.004397	0.000164	0.001263	0.000859
10	Locus_11	21	354	0.001480	0.000201	0.000736	0.001043
10	Locus_11	22	358	0.002559	0.000226	0.000969	0.001137
10	Locus_11	23	348	0.007319	0.000190	0.001629	0.000966
10	Locus_11	24	360	0.000659	0.005500	0.000562	0.005862
10	Locus_11	25	339	0.000729	0.000307	0.000523	0.001605
10	Locus_11	26	317	0.000746	0.000152	0.000525	0.000836
10	Locus_11	27	312	0.000375	0.000185	0.000371	0.000965
11	Locus_12	0	221	0.206266	0.000094	0.007768	0.000429
11	Locus_12	1	239	0.063372	0.000251	0.004649	0.000967
11	Locus_12	2	227	0.111491	0.000176	0.005987	0.000753
11	Locus_12	3	237	0.125012	0.000090	0.006305	0.000401
11	Locus_12	4	235	0.313581	0.000640	0.008898	0.001575
11	Locus_12	5	229	0.040404	0.000224	0.003763	0.000859
11	Locus_12	6	223	0.047381	0.000111	0.004067	0.000501
11	Locus_12	7	233	0.023997	0.000388	0.002920	0.001202
11	Locus_12	8	241	0.013854	0.000087	0.002230	0.000386
11	Locus_12	9	215	0.000886	0.007022	0.000616	0.003385
11	Locus_12	10	247	0.000749	0.000073	0.000524	0.000328
11	Locus_12	11	213	0.000068	0.989920	0.000251	0.004499
11	Locus_12	12	243	0.010522	0.000305	0.001948	0.000964
11	Locus_12	13	249	0.001839	0.000073	0.000818	0.000336
11	Locus_12	14	231	0.006956	0.000069	0.001597	0.000320
11	Locus_12	15	219	0.012768	0.000073	0.002139	0.000339
11	Locus_12	16	245	0.002932	0.000071	0.001031	0.000332
11	Locus_12	17	225	0.015682	0.000111	0.002384	0.000493
11	Locus_12	18	217	0.000381	0.000074	0.000374	0.000332
11	Locus_12	19	251	0.001479	0.000074	0.000734	0.000338
11	Locus_12	20	226	0.000381	0.000075	0.000373	0.000345
